"species","x","y","wc2.1_2.5m_bio_1","wc2.1_2.5m_bio_10","wc2.1_2.5m_bio_11","wc2.1_2.5m_bio_12","wc2.1_2.5m_bio_13","wc2.1_2.5m_bio_14","wc2.1_2.5m_bio_15","wc2.1_2.5m_bio_16","wc2.1_2.5m_bio_17","wc2.1_2.5m_bio_18","wc2.1_2.5m_bio_19","wc2.1_2.5m_bio_2","wc2.1_2.5m_bio_3","wc2.1_2.5m_bio_4","wc2.1_2.5m_bio_5","wc2.1_2.5m_bio_6","wc2.1_2.5m_bio_7","wc2.1_2.5m_bio_8","wc2.1_2.5m_bio_9"
"background",1,1,8.9491662979126,16.441333770752,2.32999992370605,1651,268,23,63.4127655029297,768,119,120,698,13.1516666412354,45.2320365905762,586.967651367188,27.1800003051758,-1.89600002765656,29.076000213623,2.69333338737488,16.3786659240723
"background",2,2,11.2323331832886,18.1153335571289,4.82800006866455,1167,203,14,70.578971862793,572,70,74,541,11.7693338394165,44.4729957580566,545.56591796875,27.2080001831055,0.744000017642975,26.4640007019043,5.1473331451416,17.966667175293
"background",3,3,9.76449966430664,17.9200000762939,2.65533328056335,847,154,8,75.4141082763672,433,45,47,410,15.7883338928223,48.1586570739746,628.834533691406,30,-2.78399991989136,32.7840003967285,3.13733339309692,17.6233329772949
"background",4,4,8.18816661834717,15.0746669769287,2.09066677093506,2517,404,37,62.8930778503418,1167,184,199,1092,10.7663335800171,42.0428504943848,533.154846191406,23.8959999084473,-1.71200001239777,25.6079998016357,2.65400004386902,14.6960000991821
"background",5,5,15.8225002288818,22.2473335266113,8.76866626739502,511,117,1,96.5827026367188,293,5,9,293,14.8076667785645,49.8507461547852,559.335510253906,32.4280014038086,2.72399997711182,29.7040023803711,8.76866626739502,22.1586666107178
"background",6,6,10.7581663131714,18.5373344421387,4.47733354568481,1234,217,4,81.969352722168,621,34,47,601,14.7683334350586,49.2080955505371,595.302124023438,29.1560001373291,-0.856000006198883,30.0120010375977,5.04533338546753,18.2906665802002
"background",7,7,6.85666656494141,14.28600025177,0.558000028133392,2009,335,25,65.6872863769531,955,136,148,890,11.470666885376,42.2461204528809,569.111206054688,23.8120002746582,-3.34000015258789,27.1520004272461,0.969333291053772,14.0120000839233
"background",8,8,10.5728330612183,16.1093330383301,6.63933324813843,2080,366,13,75.7404556274414,1028,82,95,964,11.2829999923706,51.2118759155273,399.323486328125,24.1439990997314,2.11199998855591,22.0319995880127,6.98666667938232,15.3186664581299
"background",9,9,15.5880002975464,22.1086673736572,8.96333312988281,392,80,1,88.3163070678711,212,7,10,205,14.7853336334229,50.8506469726562,539.064086914062,31.92799949646,2.85199999809265,29.076000213623,10.2026662826538,21.8139991760254
"background",10,10,13.3466663360596,19.0480003356934,8.41333293914795,1088,223,2,90.3622589111328,578,14,26,578,14.0433330535889,55.028736114502,435.740386962891,28.1560001373291,2.63599991798401,25.5200004577637,8.41333293914795,18.4406661987305
"background",11,11,7.87816667556763,17.1013336181641,-0.584000051021576,411,65,9,51.7628898620605,180,41,41,158,15.831000328064,43.7272109985352,725.596496582031,29.3439998626709,-6.8600001335144,36.2039985656738,0.0233332309871912,17.1013336181641
"background",12,12,10.3229999542236,18.0839996337891,4.08599996566772,1161,198,5,81.2699508666992,583,36,49,566,15.6753330230713,50.7555160522461,587.936584472656,29.431999206543,-1.45200002193451,30.8839988708496,4.59999990463257,17.6599998474121
"background",13,13,11.8226661682129,20.1879997253418,4.68666648864746,1279,225,8,77.6214218139648,614,45,54,610,15.1526670455933,46.8542556762695,651.845520019531,31.2840003967285,-1.05599999427795,32.3400001525879,5.15733337402344,20.0299987792969
"background",14,14,12.25,19.492000579834,5.91933345794678,1270,227,5,81.5782623291016,646,35,48,617,14.989333152771,49.0424499511719,553.622436523438,31.3799991607666,0.815999984741211,30.5639991760254,6.46866703033447,18.9966659545898
"background",15,15,11.691333770752,19.2040004730225,5.57466650009155,1250,230,3,87.075065612793,658,26,42,638,16.1526660919189,51.6323585510254,567.30322265625,30.8759994506836,-0.407999992370605,31.2840003967285,6.07333326339722,18.7199993133545
"background",16,16,10.2239580154419,14.4899997711182,6.56750011444092,2370,376,40,62.7524452209473,1087,166,178,1009,9.18124961853027,52.8113288879395,328.629943847656,20.0650005340576,2.6800000667572,17.3850002288818,6.89583349227905,14.1575002670288
"background",17,17,7.21600008010864,16.271333694458,-0.968000054359436,477,74,10,55.8726387023926,214,44,44,192,15.3106670379639,43.759765625,711.59619140625,28.0599994659424,-6.92799997329712,34.9879989624023,-0.418666690587997,16.271333694458
"background",18,18,10.8369998931885,17.1539993286133,6.03866672515869,1899,343,10,78.9167938232422,962,65,79,905,13.1253328323364,51.6745414733887,464.569122314453,26.6679992675781,1.26800000667572,25.3999996185303,6.35666656494141,16.5473327636719
"background",19,19,14.4324998855591,22.4506664276123,7.62933349609375,783,159,2,90.5914764404297,414,10,18,414,13.1303339004517,44.7401313781738,608.429748535156,31.7119998931885,2.36400008201599,29.3479995727539,7.62933349609375,21.5933322906494
"background",20,20,13.066499710083,16.6940002441406,9.32533359527588,1038,214,3,91.9407730102539,555,14,23,555,12.6856670379639,62.1968383789062,303.5576171875,24.2119998931885,3.81599998474121,20.3959999084473,9.32533359527588,16.2433338165283
"background",21,21,11.4498329162598,18.0873336791992,5.02466678619385,1051,168,19,60.6956825256348,483,84,89,447,10.7203330993652,42.6425361633301,536.658203125,26.1280002593994,0.987999975681305,25.1399993896484,5.50066661834717,18.0306663513184
"background",22,22,16.541166305542,25.6806659698486,8.0853328704834,792,150,2,78.7979507446289,389,25,25,389,14.9449996948242,43.2286224365234,728.3876953125,36.4360008239746,1.8639999628067,34.5720024108887,8.0853328704834,25.6806659698486
"background",23,23,10.0851669311523,16.4939994812012,4.18133306503296,1549,239,28,59.936882019043,712,133,136,647,11.4316663742065,45.486499786377,508.225219726562,25.1639995574951,0.0320000015199184,25.1319999694824,4.52400016784668,16.3880004882812
"background",24,24,5.50616645812988,13.4186668395996,-1.01066672801971,1184,196,16,65.7621612548828,559,78,78,511,13.4236669540405,44.961368560791,602.343383789062,23.7760009765625,-6.07999992370605,29.8560009002686,-0.525999963283539,13.043999671936
"background",25,25,11.3683338165283,18.1506671905518,5.23266649246216,1291,209,16,64.75,601,83,85,542,12.7326669692993,46.3477973937988,530.174743652344,28.2080001831055,0.736000001430511,27.4720001220703,5.58333349227905,17.9853324890137
"background",26,26,11.3979997634888,18.1639995574951,4.94533348083496,1106,174,20,59.5943183898926,503,90,94,466,10.8653335571289,42.575756072998,543.121032714844,26.3040008544922,0.783999979496002,25.5200004577637,5.36600017547607,18.0646667480469
"background",27,27,6.12533330917358,13.3920001983643,0.182666659355164,2313,377,30,63.309154510498,1074,162,175,1008,9.96199989318848,39.682918548584,547.32568359375,21.5279998779297,-3.57599997520447,25.1040000915527,0.661333382129669,12.9306669235229
"background",28,28,10.1498336791992,18.6906661987305,2.39466667175293,1076,191,8,75.5748291015625,511,45,45,511,16.1889991760254,47.2699127197266,674.37255859375,30.3199996948242,-3.92799997329712,34.2480010986328,2.39466667175293,18.6906661987305
"background",29,29,10.2040004730225,18.9973335266113,2.46133327484131,593,101,10,65.7378387451172,288,44,44,266,16.2280006408691,46.664363861084,683.155395507812,31.2240009307861,-3.55200004577637,34.7760009765625,2.85733342170715,18.9973335266113
"background",30,30,10.5340003967285,15.3753337860107,6.25733327865601,2074,323,42,60.2417602539062,926,161,173,871,8.67399978637695,47.8064384460449,372.545257568359,20.4519996643066,2.30800008773804,18.1439990997314,6.68866682052612,14.9440002441406
"background",31,31,6.42700004577637,14.1126661300659,-0.402666717767715,1752,294,23,65.8475799560547,836,122,130,778,12.4213333129883,42.8026657104492,599.195495605469,24.3120002746582,-4.70800018310547,29.0200004577637,0.133333280682564,13.9259996414185
"background",32,32,11.8293333053589,19.0440006256104,5.41733312606812,1011,168,13,66.636589050293,481,62,68,429,13.7093334197998,47.5754203796387,564.569946289062,29.7439994812012,0.927999973297119,28.8159999847412,5.65666675567627,18.9886665344238
"background",33,33,10.2001667022705,16.1900005340576,4.7093334197998,1709,268,29,62.5796241760254,783,121,141,730,11.0116662979126,46.8661308288574,473.122985839844,24.3040008544922,0.807999968528748,23.496000289917,5.05533313751221,16.0093326568604
"background",34,34,5.06516647338867,13.5453329086304,-2.39933347702026,975,162,15,66.6632537841797,469,69,69,426,14.5323333740234,44.2411499023438,660.245544433594,24.8479995727539,-8,32.8479995727539,-1.817999958992,13.3313331604004
"background",35,35,10.4289999008179,16.7806663513184,5.57399988174438,1849,329,13,76.3754425048828,924,73,86,864,12.539999961853,50.1199035644531,465.586700439453,26.2840003967285,1.26399993896484,25.0200004577637,6.00466680526733,16.1766662597656
"background",36,36,8.6899995803833,15.1353330612183,3.03733325004578,2398,381,38,62.1636047363281,1111,183,196,1032,10.8726663589478,44.1906471252441,500.052642822266,23.7959995269775,-0.808000028133392,24.6040000915527,3.43999981880188,14.8953332901001
"background",37,37,4.82066679000854,12.2926664352417,-1.08733332157135,1429,244,24,66.9342727661133,690,104,108,640,13.2519998550415,45.8800735473633,558.843017578125,22.7080001831055,-6.17599964141846,28.8839988708496,-0.35466668009758,11.7673330307007
"background",38,38,14.9213333129883,20.9273338317871,9.01000022888184,1022,223,2,94.6985778808594,568,11,20,568,14.977334022522,53.5134124755859,493.380676269531,30.923999786377,2.93600010871887,27.9879989624023,9.01000022888184,20.7046661376953
"background",39,39,11.128999710083,17.8533325195312,5.4486665725708,1333,229,13,71.5329055786133,653,67,76,600,13.0986671447754,48.5783538818359,512.02685546875,28.0319995880127,1.067999958992,26.9639987945557,5.75466680526733,17.5739994049072
"background",40,40,10.2758331298828,18.4286670684814,2.17000007629395,982,175,11,74.4405517578125,504,56,56,472,11.4650001525879,38.6287040710449,664.665344238281,27.6599998474121,-2.01999998092651,29.6800003051758,2.88599991798401,18.4286670684814
"background",41,41,13.9498329162598,20.6173324584961,8.13933277130127,1044,223,2,93.1452789306641,571,12,23,571,15.2909994125366,52.6549606323242,517.059326171875,31.1359996795654,2.09599995613098,29.0399990081787,8.13933277130127,20.1366672515869
"background",42,42,12.2163333892822,19.6266670227051,6.31866693496704,1128,222,3,89.464111328125,605,20,32,591,15.4513330459595,51.0956802368164,556.275024414062,30.4039993286133,0.164000004529953,30.2399997711182,6.95133352279663,19.0693340301514
"background",43,43,10.6943330764771,17.4986667633057,4.60599994659424,1658,255,22,59.9909706115723,742,122,122,679,10.8819999694824,42.6477508544922,530.443969726562,26.1919994354248,0.675999999046326,25.515998840332,4.87799978256226,17.4986667633057
"background",44,44,10.3155002593994,16.9553337097168,4.36866664886475,1801,279,26,59.3007049560547,803,135,138,744,10.1583337783813,41.9419212341309,518.3642578125,25.0240001678467,0.804000020027161,24.2199993133545,4.71866655349731,16.7533340454102
"background",45,45,7.72200012207031,14.4793329238892,2.2793333530426,2389,384,32,61.9820404052734,1095,173,182,1027,9.74933338165283,41.5006523132324,508.017547607422,22.423999786377,-1.067999958992,23.492000579834,2.7279999256134,14.0406665802002
"background",46,46,5.96950006484985,14.5013332366943,-1.92000007629395,474,80,15,59.8964996337891,226,50,55,204,17.0429992675781,47.3101272583008,674.543090820312,27.4759998321533,-8.54800033569336,36.0240020751953,-1.41066670417786,14.2953329086304
"background",47,47,7.20066690444946,14.5700006484985,1.44933331012726,1665,282,21,68.4851608276367,805,103,111,737,13.0980005264282,46.3154182434082,550.727355957031,25.0200004577637,-3.25999999046326,28.2800006866455,1.81266665458679,14.1193332672119
"background",48,48,4.84766674041748,12.3786668777466,-1.51733326911926,1842,302,27,62.6027488708496,857,140,147,805,10.3546667098999,39.204402923584,572.948303222656,20.9120006561279,-5.5,26.4120006561279,-0.805999934673309,11.9739999771118
"background",49,49,6.95066690444946,14.5353336334229,0.378666788339615,1229,209,20,65.2505111694336,588,94,95,542,13.8453330993652,45.9733505249023,588.823852539062,25.507999420166,-4.60799980163574,30.1159992218018,0.923333346843719,14.3746662139893
"background",50,50,9.79183387756348,15.466667175293,4.63933324813843,2078,328,37,62.6733741760254,947,147,169,894,10.4803333282471,47.3965873718262,445.147399902344,22.8159999847412,0.703999996185303,22.1119995117188,4.99533319473267,15.1760005950928
"background",51,51,10.8196668624878,18.2893333435059,4.42866659164429,1106,192,13,69.9253845214844,542,62,69,493,14.1113338470459,47.8804740905762,575.358093261719,29.2480010986328,-0.224000006914139,29.4720020294189,4.67066669464111,18.1440010070801
"background",52,52,7.99433326721191,14.9899997711182,1.85066664218903,1734,276,33,60.831184387207,807,142,154,739,10.7533330917358,41.7378273010254,545.055053710938,23.7080001831055,-2.05599999427795,25.7639999389648,2.17933320999146,14.8299999237061
"background",53,53,5.60783338546753,13.9106664657593,-1.21333336830139,730,104,13,53.7436828613281,301,59,59,282,13.7349996566772,44.2835960388184,627.783386230469,24.3719997406006,-6.64400005340576,31.015998840332,-0.389999896287918,13.9106664657593
"background",54,54,11.5428333282471,16.6459999084473,7.32800006866455,1516,267,6,79.5345611572266,759,45,58,717,12.5036668777466,55.6410903930664,383.594757080078,25.068000793457,2.59599995613098,22.4720001220703,7.76466655731201,16.0306663513184
"background",55,55,8.93533325195312,14.3099994659424,4.36199998855591,2393,384,40,63.2618026733398,1103,173,186,1034,10.0433330535889,48.3782920837402,408.147705078125,21.1959991455078,0.436000019311905,20.7599983215332,4.74599981307983,13.8506660461426
"background",56,56,11.8446664810181,17.1786670684814,7.13266658782959,1495,253,10,72.1932373046875,722,65,76,676,12.1280002593994,52.1230888366699,408.98486328125,25.4599990844727,2.19199991226196,23.2679996490479,7.57466697692871,16.656665802002
"background",57,57,3.35649991035461,11.6286668777466,-3.14400005340576,1424,229,22,66.6739196777344,672,92,95,622,12.845666885376,42.9850997924805,615.379455566406,21.6679992675781,-8.21599960327148,29.8839988708496,-2.53733325004578,11.0113334655762
"background",58,58,8.33383369445801,15.441333770752,2.83733344078064,1441,251,9,76.1750793457031,710,57,68,670,14.3509998321533,50.638671875,526.147033691406,26.1280002593994,-2.21199989318848,28.3400001525879,3.43266677856445,14.800666809082
"background",59,59,9.53383350372314,15.8926668167114,3.86533331871033,1814,308,24,68.475715637207,872,112,122,821,10.9236669540405,45.1167488098145,491.274871826172,24.2239990234375,0.0120000001043081,24.2119998931885,4.23533344268799,15.5233335494995
"background",60,60,12.3824996948242,19.3659992218018,6.90933322906494,1191,237,2,90.5721740722656,643,18,31,628,15.4329996109009,52.932502746582,520.85546875,30.0399990081787,0.88400000333786,29.1559982299805,7.52466678619385,18.7393321990967
"background",61,61,11.0430002212524,19.3206672668457,3.82333326339722,970,166,6,78.354850769043,481,36,45,465,16.3913326263428,49.034740447998,642.8056640625,31.5400009155273,-1.88800001144409,33.4280014038086,4.27066659927368,19.0406665802002
"background",62,62,9.90316677093506,16.0306663513184,4.22200012207031,1493,237,24,63.3386116027832,691,106,118,640,10.5816669464111,44.7238655090332,485.601470947266,24.0480003356934,0.388000011444092,23.6599998474121,4.65999984741211,15.8286666870117
"background",63,63,9.34316635131836,17.4546661376953,2.73600006103516,757,129,11,63.3950996398926,355,54,54,321,15.4603338241577,47.9598388671875,615.453125,29.0920009613037,-3.14400005340576,32.2360000610352,3.01933336257935,17.4546661376953
"background",64,64,5.56183338165283,13.2526664733887,-0.127333328127861,1355,224,13,69.7839279174805,641,74,77,609,13.418999671936,47.1305122375488,563.922119140625,23.2040004730225,-5.26800012588501,28.4720001220703,0.512666702270508,12.5766668319702
"background",65,65,5.07299995422363,13.7439994812012,-2.67333340644836,838,146,16,69.4439849853516,419,66,66,381,15.8493337631226,45.1239395141602,676.035278320312,26.3320007324219,-8.79199981689453,35.1240005493164,-1.89466667175293,13.5113334655762
"background",66,66,6.21549987792969,13.8806667327881,0.184000015258789,1258,216,13,71.1203231811523,608,69,72,573,13.679666519165,47.1973037719727,567.873779296875,24.1079998016357,-4.87599992752075,28.9839992523193,0.919333398342133,13.2286672592163
"background",67,67,7.43933343887329,14.8586664199829,1.14999997615814,1273,214,20,65.1576232910156,607,94,97,555,13.8680000305176,46.7187728881836,571.870361328125,25.8799991607666,-3.80399990081787,29.6839981079102,1.60066664218903,14.6586666107178
"background",68,68,14.1106662750244,22.3099994659424,6.86466646194458,803,153,2,85.4897842407227,416,19,27,406,15.4986667633057,47.413932800293,649.411254882812,33.4039993286133,0.716000020503998,32.6879997253418,7.31866645812988,22.2426662445068
"background",69,69,10.6631669998169,16.7046661376953,6.03266668319702,2012,358,12,77.3454971313477,1006,74,88,944,11.8743333816528,49.9593315124512,443.242309570312,25.3559989929199,1.58800005912781,23.7679996490479,6.40799999237061,16.021333694458
"background",70,70,10.9340000152588,19.4806671142578,3.14466667175293,634,111,9,71.4136962890625,319,41,42,299,16.5893325805664,47.6485900878906,673.34423828125,32.1040000915527,-2.71199989318848,34.8160018920898,3.58800005912781,19.3566665649414
"background",71,71,11.481499671936,19.6326675415039,4.50666666030884,1401,252,4,80.7928009033203,695,38,50,673,15.7270002365112,48.3372268676758,638.418334960938,30.923999786377,-1.61199998855591,32.5359992980957,5.01666688919067,19.5240001678467
"background",72,72,13.7468338012695,21.6100006103516,6.90799999237061,877,181,2,91.206428527832,474,13,22,474,15.3996667861938,48.6592102050781,612.616088867188,32.423999786377,0.776000022888184,31.6479988098145,6.90799999237061,21.3653335571289
"background",73,73,13.3043336868286,21.2059993743896,6.74066686630249,907,183,2,90.8090133666992,491,15,24,485,15.4940004348755,49.0626983642578,604.340026855469,32.0960006713867,0.516000032424927,31.5799999237061,7.3953332901001,20.8153324127197
"background",74,74,10.3000001907349,19.2573337554932,2.23533320426941,568,100,8,70.699821472168,285,38,38,271,17.1686668395996,47.3122444152832,701.294555664062,32.2039985656738,-4.08400011062622,36.2879981994629,2.65999984741211,19.2573337554932
"background",75,75,13.8459997177124,20.4720001220703,7.99933338165283,1093,235,1,93.2666778564453,597,11,21,597,14.8106670379639,52.0622444152832,519.240844726562,30.6079998016357,2.16000008583069,28.4479999542236,7.99933338165283,20.0813331604004
"background",76,76,10.6961669921875,18.0979995727539,5.09600019454956,1375,248,4,85.5848999023438,716,32,48,692,15.5236663818359,52.0090675354004,548.429443359375,29.1119995117188,-0.736000001430511,29.8479995727539,5.62333345413208,17.5106658935547
"background",77,77,10.1343336105347,17.5766677856445,4.25866651535034,1343,250,4,86.0375518798828,705,31,45,682,14.5513334274292,50.1700897216797,561.573120117188,27.8360004425049,-1.16799998283386,29.003999710083,4.93000030517578,17.1440010070801
"background",78,78,16.3016662597656,23.7639999389648,8.54800033569336,426,86,1,87.4569320678711,224,8,8,224,15.0066661834717,47.285945892334,629.547302246094,34.0999984741211,2.36400008201599,31.7359981536865,8.54800033569336,23.7639999389648
"background",79,79,10.0273332595825,18.9200000762939,2.01866674423218,720,127,9,70.0589752197266,339,41,41,337,16.5713329315186,46.3404197692871,702.138732910156,31.1599998474121,-4.59999990463257,35.7599983215332,2.4246666431427,18.9200000762939
"background",80,80,16.8649997711182,25.5840015411377,8.54333305358887,559,111,2,83.8596115112305,289,16,16,285,15.6580009460449,45.2229652404785,708.639465332031,36.8160018920898,2.19199991226196,34.6240005493164,10.0513334274292,25.5840015411377
"background",81,81,9.18833351135254,15.3633327484131,3.62666654586792,1925,322,27,67.2459335327148,918,126,136,863,10.8540000915527,45.5361671447754,480.041351318359,23.4879989624023,-0.348000019788742,23.8359985351562,3.96533346176147,15.0286664962769
"background",82,82,11.1960000991821,17.8973331451416,5.01866674423218,1516,263,15,71.2568435668945,746,84,89,688,11.6486663818359,43.7788124084473,520.420227050781,27.3959999084473,0.787999987602234,26.6079998016357,5.6399998664856,17.511999130249
"background",83,83,7.57550001144409,15.1766662597656,0.87799996137619,1918,318,22,66.304313659668,916,124,139,852,11.324333190918,40.8348960876465,589.903442382812,24.6840000152588,-3.04800009727478,27.7320003509521,1.30133330821991,14.970666885376
"background",84,84,16.8926677703857,26.1186676025391,8.41933345794678,675,124,2,79.3144073486328,334,21,21,334,15.2153329849243,43.5470352172852,737.112426757812,37.1399993896484,2.20000004768372,34.939998626709,8.41933345794678,26.1186676025391
"background",85,85,10.7601671218872,15.3053340911865,6.57800006866455,1965,331,24,67.5825958251953,929,118,123,874,8.42899990081787,47.7726135253906,355.307861328125,20.5400009155273,2.89599990844727,17.6440010070801,7.01333332061768,14.8680000305176
"background",86,86,10.3170003890991,17.7000007629395,4.04333353042603,1175,195,15,66.3758316040039,558,72,79,502,14.2066669464111,48.2301292419434,569.790893554688,28.7959995269775,-0.660000026226044,29.4559993743896,4.27733325958252,17.5580005645752
"background",87,87,5.96033334732056,13.2573337554932,-0.322000026702881,2230,366,35,64.0358123779297,1053,163,176,979,10.0706663131714,38.7631492614746,561.347351074219,21.6800003051758,-4.30000019073486,25.9799995422363,0.150666639208794,12.9466667175293
"background",88,88,11.3028335571289,15.5819997787476,8.21466636657715,1779,314,4,83.596321105957,906,37,55,863,10.2670001983643,54.8099517822266,311.300750732422,22.0879993438721,3.35599994659424,18.7319984436035,8.62666702270508,14.710000038147
"background",89,89,6.97116661071777,14.3053331375122,0.988666713237762,1481,252,23,66.1117172241211,711,108,113,658,13.1136665344238,45.8071365356445,557.307861328125,24.7919998168945,-3.83599996566772,28.6280002593994,1.42533338069916,13.9993333816528
"background",90,90,10.6780004501343,15.9973335266113,6.07600021362305,1846,307,18,69.3865814208984,879,98,104,820,10.2333335876465,48.3708343505859,403.906402587891,23.431999206543,2.27600002288818,21.1559982299805,6.53466653823853,15.3806667327881
"background",91,91,12.3815002441406,20.6726665496826,5.0973334312439,1301,214,5,75.0385284423828,619,45,59,603,15.8656673431396,47.5989036560059,655.726318359375,32.1840019226074,-1.14800000190735,33.3320007324219,5.5533332824707,20.6499996185303
"background",92,92,11.4799995422363,17.0493335723877,6.80933332443237,1539,264,12,72.8215866088867,749,68,79,700,12.3713331222534,52.1117668151855,420.499206542969,26.0200004577637,2.27999997138977,23.7399997711182,7.23133325576782,16.533332824707
"background",93,93,9.58466720581055,15.3946666717529,4.31266641616821,2084,334,34,63.1228218078613,965,153,170,904,10.4066667556763,46.3259735107422,453.938812255859,22.7320003509521,0.26800000667572,22.4640007019043,4.66800022125244,15.046667098999
"background",94,94,12.1048336029053,19.068000793457,5.94066667556763,1198,199,13,67.9279098510742,573,68,75,516,13.298999786377,47.1127967834473,538.914428710938,29.6040000915527,1.37599992752075,28.2280006408691,6.22800016403198,18.8146667480469
"background",95,95,15.0050001144409,21.1240005493164,9.19400024414062,1004,217,2,94.2669219970703,553,11,20,553,14.565333366394,52.6204261779785,491.53955078125,31.003999710083,3.32400012016296,27.6800003051758,9.19400024414062,20.7526664733887
"background",96,96,14.6715002059937,20.2213325500488,9.01799964904785,788,169,1,94.2525634765625,439,8,13,439,14.5836668014526,54.4329147338867,462.805755615234,29.7959995269775,3.00399994850159,26.7919998168945,9.01799964904785,20.0060005187988
"background",97,97,7.31716632843018,14.6506662368774,1.23266661167145,2165,358,26,65.5274276733398,1024,143,157,953,11.1136665344238,42.141918182373,556.8056640625,23.8199996948242,-2.55200004577637,26.3719997406006,1.64999997615814,14.2746658325195
"background",98,98,12.4259996414185,20.9179992675781,4.83133316040039,511,83,9,59.3135566711426,234,41,41,207,15.3606672286987,46.4292945861816,667.777587890625,32.3919982910156,-0.692000031471252,33.0839996337891,4.89466667175293,20.9179992675781
"background",99,99,10.9390001296997,17.5453338623047,5.03200006484985,1497,247,16,68.446907043457,719,86,92,655,12.1673336029053,45.8452644348145,511.566772460938,27.2840003967285,0.744000017642975,26.5400009155273,5.43066644668579,17.2600002288818
"background",100,100,12.1466665267944,17.1413345336914,7.65933322906494,1296,249,3,87.9160079956055,674,20,34,673,13.3400001525879,56.5637702941895,389.734130859375,25.6720008850098,2.08800005912781,23.5840015411377,8.09133338928223,16.716667175293
"background",101,101,9.16950035095215,14.4400005340576,4.83333301544189,2390,388,36,64.5944595336914,1110,160,172,1040,9.82699966430664,48.5236015319824,395.983795166016,21.1200008392334,0.868000030517578,20.2520008087158,5.13333320617676,13.9099998474121
"background",102,102,15.6686668395996,24.9926681518555,7.51000022888184,895,155,3,77.1840667724609,431,28,28,419,15.952000617981,44.8997955322266,737.82080078125,36.6360015869141,1.10800004005432,35.5279998779297,7.92199993133545,24.9926681518555
"background",103,103,9.32466697692871,16.6673336029053,3.64000010490417,1227,215,8,76.5340728759766,612,50,59,577,14.9793329238892,51.0403861999512,546.175659179688,27.8280010223389,-1.51999998092651,29.3480014801025,4.0566668510437,16.0966663360596
"background",104,104,11.2653331756592,18.5313339233398,5.34800004959106,1382,251,3,86.9140777587891,726,29,46,704,15.8426666259766,52.0592346191406,546.719909667969,30.0240001678467,-0.408000022172928,30.4320011138916,5.82066631317139,17.9813327789307
"background",105,105,6.30166673660278,13.9940004348755,0.224666640162468,1335,223,17,67.9837036132812,640,81,85,585,13.3753337860107,45.8561897277832,579.729919433594,24.3680000305176,-4.80000019073486,29.1679992675781,0.625333309173584,13.5699996948242
"background",106,106,11.2734994888306,19.6133327484131,3.92933344841003,1253,221,8,76.9666137695312,598,46,53,598,15.1883335113525,46.5671234130859,658.223937988281,30.7999992370605,-1.81599998474121,32.6159973144531,3.92933344841003,19.5966663360596
"background",107,107,14.4340000152588,21.8339996337891,8.27666664123535,815,165,2,90.6661911010742,430,11,18,430,12.6626663208008,46.3290901184082,558.93359375,30.511999130249,3.1800000667572,27.3319988250732,8.27666664123535,20.9060001373291
"background",108,108,14.6350002288818,19.9573345184326,9.23799991607666,897,192,1,93.6526412963867,495,9,16,495,14.8166666030884,55.6933784484863,446.986785888672,29.5440006256104,2.94000005722046,26.6040000915527,9.23799991607666,19.7853336334229
"background",109,109,7.10733318328857,14.7466659545898,0.462666660547256,1593,268,22,65.7998962402344,761,113,119,706,12.8146667480469,43.8138236999512,592.389770507812,25.2399997711182,-4.00799989700317,29.2479991912842,0.912000000476837,14.5619993209839
"background",110,110,10.7395000457764,17.5626659393311,4.5406665802002,1307,221,18,65.534553527832,619,89,94,578,11.0403337478638,43.1195640563965,532.844482421875,26.1879997253418,0.583999991416931,25.6040000915527,4.94466686248779,17.3099994659424
"background",111,111,8.16883373260498,15.5953330993652,2.19000005722046,1189,209,12,71.7511444091797,583,64,67,545,14.1116666793823,48.6340866088867,557.579895019531,26.3519992828369,-2.66400003433228,29.015998840332,2.68333315849304,15.1599998474121
"background",112,112,11.9838333129883,19.7253341674805,5,858,154,9,76.8001251220703,441,39,39,411,15.0590000152588,48.3403968811035,610.464599609375,31.3120002746582,0.160000011324883,31.1520004272461,5.21066665649414,19.7253341674805
"background",113,113,15.0963544845581,19.1218757629395,10.5677080154419,691,147,2,93.3002090454102,380,8,12,380,11.142707824707,55.7135391235352,352.65673828125,25.7437496185303,5.74375009536743,20,10.5677080154419,18.7385425567627
"background",114,114,12.3489999771118,20.8873329162598,4.74066638946533,545,89,10,59.17529296875,249,44,44,219,15.4039993286133,46.2749328613281,672.541625976562,32.431999206543,-0.856000006198883,33.2879981994629,4.80399990081787,20.8873329162598
"background",115,115,9.7901668548584,14.6919994354248,5.95800018310547,2472,414,27,68.8580322265625,1173,139,146,1101,8.86033344268799,48.3642654418945,361.947814941406,20.6639995574951,2.34400010108948,18.3199996948242,6.45133352279663,13.9293327331543
"background",116,116,2.64499998092651,10.8159999847412,-3.4006667137146,1571,252,25,65.8960113525391,737,105,105,684,12.2786664962769,42.735164642334,597.876892089844,20.431999206543,-8.30000019073486,28.7319984436035,-2.76933336257935,10.0539999008179
"background",117,117,12.6426668167114,21.1853332519531,5.16400003433228,1259,226,7,79.1290817260742,615,41,52,608,15.1026668548584,46.0391006469727,670.505310058594,32.3720016479492,-0.432000011205673,32.8040008544922,5.65466690063477,21.0653343200684
"background",118,118,14.9063329696655,20.3920001983643,9.25800037384033,983,213,2,94.9663314819336,546,10,18,546,15.2613334655762,55.310718536377,463.622253417969,30.3080005645752,2.71600008010864,27.5920009613037,9.25800037384033,20.2593326568604
"background",119,119,9.01433372497559,16.318000793457,2.33466649055481,1982,314,24,63.1423110961914,914,131,140,849,10.6313333511353,40.2336273193359,575.931457519531,25.0319995880127,-1.39199995994568,26.423999786377,2.75933313369751,16.1846675872803
"background",120,120,10.3093338012695,16.0019989013672,5.10933351516724,2278,399,22,72.140510559082,1114,116,129,1050,9.8613338470459,45.0865669250488,442.320159912109,23.2679996490479,1.39600002765656,21.8719997406006,5.59466648101807,15.5633335113525
"background",121,121,14.8400001525879,23.8293342590332,6.74866676330566,1476,272,7,82.2034225463867,734,39,56,722,14.0866670608521,42.5168037414551,707.909851074219,34.5359992980957,1.40400004386902,33.1319999694824,7.42133331298828,23.6386661529541
"background",122,122,4.51816654205322,12.6820001602173,-2.73733329772949,864,145,21,61.7668609619141,407,79,79,380,14.4843330383301,44.7268180847168,639.130676269531,23.996000289917,-8.38799953460693,32.3839988708496,-2.10933327674866,12.6820001602173
"background",123,123,9.41233348846436,16.0786666870117,3.88866662979126,2150,336,28,61.2898292541504,970,153,157,894,10.5733337402344,43.1846618652344,504.961517333984,24.568000793457,0.0839999988675117,24.484001159668,4.13466644287109,15.6960000991821
"background",124,124,14.0013885498047,17.283332824707,10.4888887405396,1090,224,3,93.6695861816406,605,13,19,605,10.375,59.8557662963867,278.856323242188,23.466667175293,6.13333320617676,17.3333339691162,10.4888887405396,16.7555561065674
"background",125,125,10.9866666793823,17.9346675872803,5.13333368301392,1422,253,12,75.194953918457,713,62,73,660,13.2546672821045,47.9269104003906,528.104370117188,28.2520008087158,0.596000015735626,27.6560001373291,5.41466665267944,17.6426658630371
"background",126,126,4.489333152771,12.0200004577637,-1.80866658687592,1872,311,27,63.787425994873,880,140,147,825,10.9259996414185,40.6352272033691,571.570861816406,21.007999420166,-5.88000011444092,26.8880004882812,-1.08333325386047,11.6219997406006
"background",127,127,10.4020004272461,17.7779998779297,4.61866664886475,1387,248,4,84.3225784301758,716,35,52,693,15.485333442688,51.707405090332,550.332580566406,29.1000003814697,-0.84799998998642,29.9479999542236,5.14666652679443,17.2000007629395
"background",128,128,9.67949962615967,17.1473331451416,3.82399988174438,1278,224,6,79.6842193603516,643,43,56,614,15.0216665267944,50.5780029296875,556.313903808594,28.3920001983643,-1.30799996852875,29.7000007629395,4.27733325958252,16.5726661682129
"background",129,129,10.8558330535889,19.8973331451416,2.79466676712036,595,101,10,66.884407043457,285,41,41,272,17.125,47.2283477783203,708.288757324219,32.5800018310547,-3.6800000667572,36.2600021362305,3.17399978637695,19.8973331451416
"background",130,130,7.24883317947388,14.5846662521362,1.26933324337006,1628,274,24,65.5412673950195,776,117,122,717,12.7196664810181,45.3625793457031,557.360900878906,24.8439998626709,-3.19600009918213,28.0400009155273,1.68999993801117,14.2906665802002
"background",131,131,11.5971670150757,16.2733325958252,7.88466644287109,2086,361,11,75.7925262451172,1019,77,88,965,9.96433353424072,51.9192047119141,348.855316162109,22.5359992980957,3.34400010108948,19.1919994354248,8.23466682434082,15.5579996109009
"background",132,132,11.0190000534058,16.4820003509521,6.65000009536743,1658,283,14,71.8502960205078,805,79,88,750,11.7073335647583,51.656078338623,407.058074951172,24.988000869751,2.32400012016296,22.6640014648438,7.06533336639404,15.9206666946411
"background",133,133,6.42016649246216,14.772665977478,-1.18733334541321,779,133,11,65.0860443115234,373,56,56,335,14.146333694458,43.8564414978027,660.534912109375,25.8279991149902,-6.42799997329712,32.2560005187988,-0.642000019550323,14.772665977478
"background",134,134,16.4341678619385,25.0113334655762,8.26933288574219,549,110,2,84.303466796875,282,15,15,282,15.5330009460449,45.3227119445801,697.728393554688,36.0040016174316,1.73199999332428,34.2720031738281,8.26933288574219,25.0113334655762
"background",135,135,15.3666667938232,22.7679996490479,8.54399967193604,561,115,2,89.6112823486328,296,8,14,296,14.304666519165,48.0990791320801,582.533508300781,32.6160011291504,2.87600016593933,29.7400016784668,8.54399967193604,22.1626663208008
"background",136,136,10.3733329772949,15.8100004196167,5.26733350753784,2212,381,22,70.9972229003906,1071,117,126,1007,9.40733337402344,44.7968254089355,426.282928466797,22.4720001220703,1.47200000286102,21,5.74733352661133,15.3660001754761
"background",137,137,13.3179168701172,16.0650005340576,10.4475002288818,808,165,3,90.18359375,431,13,18,431,9.13249969482422,60.0822372436523,231.897384643555,21.4099998474121,6.21000003814697,15.1999998092651,10.4475002288818,15.5033330917358
"background",138,138,8.91866683959961,14.6766672134399,4.01200008392334,2311,364,40,62.1140899658203,1055,171,191,989,10.4079999923706,47.0950202941895,441.738311767578,22.2240009307861,0.124000005424023,22.1000003814697,4.30200004577637,14.3559999465942
"background",139,139,9.31799983978271,16.6626663208008,3.15799999237061,1584,261,19,66.6421661376953,752,97,107,678,13.0933332443237,46.0773277282715,563.185424804688,27.2399997711182,-1.17599999904633,28.4160003662109,3.41799974441528,16.4773330688477
"background",140,140,11.4685001373291,18.8553333282471,5.04466676712036,1255,232,9,80.01025390625,654,46,57,611,14.5456666946411,48.6867942810059,571.373840332031,30.2520008087158,0.376000016927719,29.8760013580322,5.24599981307983,18.6879997253418
"background",141,141,10.7239999771118,15.9326667785645,6.99200010299683,1863,334,5,83.8429412841797,955,40,60,914,11.5100002288818,53.9666175842285,376.129852294922,23.6679992675781,2.33999991416931,21.3279991149902,7.45666694641113,15.0366668701172
"background",142,142,7.75300025939941,15.5060005187988,1.33800005912781,1057,184,12,70.1411972045898,514,62,63,479,14.3646669387817,47.6851234436035,586.999206542969,26.3999996185303,-3.72399997711182,30.1240005493164,1.85333335399628,15.0873336791992
"background",143,143,11.551833152771,18.992000579834,5.1986665725708,1554,289,8,82.0593643188477,815,49,62,765,14.6923332214355,49.0332832336426,568.983337402344,30.3600006103516,0.395999997854233,29.9640007019043,5.47599983215332,18.7019996643066
"background",144,144,12.4688329696655,19.5779991149902,6.9026665687561,1212,247,2,91.1472396850586,652,17,29,646,13.9623336791992,50.282096862793,532.349487304688,29.2800006866455,1.51199996471405,27.7680015563965,7.66533327102661,18.9073333740234
"background",145,145,8.8033332824707,14.8859996795654,3.54399991035461,2230,352,37,62.7897567749023,1032,167,181,960,10.6346664428711,45.8786315917969,468.904632568359,22.8199996948242,-0.360000014305115,23.1800003051758,3.871333360672,14.5946664810181
"background",146,146,6.2761664390564,14.1013336181641,-0.929333388805389,1596,276,22,69.985954284668,793,105,114,740,10.8763332366943,38.1786460876465,617.32177734375,23.2840003967285,-5.2039999961853,28.488000869751,-0.292666733264923,13.9253330230713
"background",147,147,9.86683368682861,17.2779998779297,3.72800016403198,1154,209,8,77.3842239379883,587,49,56,551,15.1923332214355,50.6478652954102,561.421325683594,28.7360000610352,-1.25999999046326,29.996000289917,4.14466667175293,16.8546657562256
"background",148,148,10.2665004730225,16.0806674957275,4.90399980545044,2063,325,36,61.4653816223145,943,157,180,884,10.6096668243408,46.8956298828125,456.339080810547,23.431999206543,0.807999968528748,22.6239986419678,5.28266668319702,15.7546663284302
"background",149,149,10.3284997940063,15.2040004730225,5.91066694259644,2309,382,33,65.9198913574219,1082,152,157,1014,8.97033309936523,47.2023429870605,379.172424316406,21.1480007171631,2.14400005340576,19.0040016174316,6.22733354568481,14.7740001678467
"background",150,150,10.6283330917358,16.9233341217041,4.80800008773804,1384,220,25,61.8317565917969,649,116,120,588,10.8406667709351,44.6191444396973,498.799835205078,25.1959991455078,0.899999976158142,24.2959995269775,5.12200021743774,16.7913341522217
"background",151,151,12.3505001068115,20.9913330078125,4.28600025177002,1386,240,6,78.0094757080078,667,43,43,660,15.7089996337891,45.7774810791016,689.314331054688,32.4160003662109,-1.89999997615814,34.3160018920898,4.8459997177124,20.9913330078125
"background",152,152,10.5644998550415,18.0626659393311,4.96533346176147,1398,252,4,85.2590484619141,724,32,48,700,15.4103336334229,51.6709136962891,554.647277832031,28.8880004882812,-0.935999989509583,29.8240013122559,5.51600027084351,17.4540004730225
"background",153,153,8.7524995803833,16.2986660003662,1.62266671657562,1922,317,25,66.0666046142578,914,130,141,859,10.9263334274292,39.2018280029297,600.715209960938,25.4360008239746,-2.43599987030029,27.8720016479492,2.21399998664856,16.0926666259766
"background",154,154,12.0748329162598,18.1840000152588,6.70133352279663,1780,328,4,87.5473022460938,932,29,51,912,12.7823333740234,50.1268005371094,470.0390625,27.42799949646,1.92799997329712,25.5,7.08199977874756,17.757999420166
"background",155,155,11.1110000610352,17.8333339691162,5.03866672515869,1369,225,16,67.002311706543,654,86,91,591,11.9766664505005,44.9035186767578,522.768188476562,27.3959999084473,0.723999977111816,26.6720008850098,5.42399978637695,17.5613327026367
"background",156,156,13.3334999084473,20.5366668701172,7.12933349609375,1074,230,2,93.3512954711914,587,13,23,587,13.7329998016357,48.4375,557.005310058594,30.2360000610352,1.88399994373322,28.3519992828369,7.12933349609375,20.1146659851074
"background",157,157,10.0006666183472,15.5553331375122,5.13800001144409,2429,422,24,71.4669342041016,1181,127,141,1113,9.65200042724609,45.8483772277832,424.504211425781,22.5559997558594,1.50399994850159,21.0520000457764,5.57666683197021,15.0366668701172
"background",158,158,11.353666305542,18.2746677398682,5.38933324813843,1231,213,12,72.0241088867188,606,61,70,557,13.3846664428711,48.3200950622559,531.138305664062,28.6480007171631,0.948000013828278,27.7000007629395,5.68466663360596,18.0386657714844
"background",159,159,10.1151666641235,16.9260005950928,4.59800004959106,1472,264,8,79.0389862060547,747,52,64,704,14.3236665725708,51.672679901123,509.738586425781,27.5240001678467,-0.196000009775162,27.7199993133545,5.03999996185303,16.3600006103516
"background",160,160,9.70849990844727,16.3486671447754,4.09600019454956,2049,320,27,61.0489196777344,925,148,150,852,10.5109996795654,43.0425872802734,506.610931396484,24.7959995269775,0.375999987125397,24.4200000762939,4.36666679382324,16.0106658935547
"background",161,161,6.27116680145264,15.0766668319702,-1.92199993133545,456,76,15,57.5224113464355,213,50,56,195,16.8689994812012,46.5428771972656,694.210266113281,27.6520004272461,-8.59200000762939,36.2439994812012,-1.43133330345154,14.7613334655762
"background",162,162,12.0334997177124,20.7326679229736,4.12333345413208,955,172,5,81.0098724365234,480,32,42,470,16.6056671142578,47.3149833679199,690.287170410156,33.1920013427734,-1.90399992465973,35.0960006713867,4.49200010299683,20.673999786377
"background",163,163,14.5248336791992,21.5113334655762,8.28400039672852,961,206,1,92.543701171875,525,11,20,525,15.5576667785645,51.420108795166,543.928955078125,32.2879981994629,2.03200006484985,30.2559986114502,8.28400039672852,21.1393337249756
"background",164,164,4.38850021362305,12.9606666564941,-3.00800013542175,1066,181,19,68.5151443481445,522,78,79,479,14.9316663742065,44.513671875,658.733337402344,24.7760009765625,-8.76799964904785,33.5439987182617,-2.27866673469543,12.6426668167114
"background",165,165,14.2454996109009,22.9586658477783,6.43666648864746,1526,275,7,80.9810638427734,750,42,59,741,13.9856662750244,43.3261032104492,687.745666503906,33.5,1.22000002861023,32.2799987792969,7.12066650390625,22.8339996337891
"background",166,166,16.7496662139893,24.5799999237061,8.96933364868164,631,124,1,86.7189712524414,327,12,12,323,13.9133338928223,44.7719573974609,644.945190429688,34.6440010070801,3.56800007820129,31.076000213623,10.6113338470459,24.5799999237061
"background",167,167,7.77066659927368,16.5046672821045,-0.326666682958603,375,58,9,50.4704704284668,162,39,39,141,16.5306663513184,45.619457244873,689.039245605469,29.1520004272461,-7.08400011062622,36.2360000610352,0.464666694402695,16.5046672821045
"background",168,168,10.2360000610352,18.6919994354248,2.28800010681152,843,137,4,69.7662734985352,394,41,41,382,17.1333332061768,48.0086669921875,678.287292480469,30.8920001983643,-4.7960000038147,35.6879997253418,2.7226665019989,18.6919994354248
"background",169,169,8.72083377838135,17.6420001983643,0.266666561365128,583,84,7,57.6978378295898,245,40,46,237,16.1510009765625,44.5471076965332,715.771850585938,29.7840003967285,-6.47200012207031,36.2560005187988,1.05200004577637,17.6373329162598
"background",170,170,10.921667098999,17.0100002288818,6.29133319854736,1530,274,6,80.2393951416016,773,45,60,733,13.9093332290649,53.7621116638184,447.183074951172,27.1280002593994,1.25600004196167,25.8719997406006,6.78600025177002,16.2593326568604
"background",171,171,11.6733331680298,17.0433330535889,7.01266670227051,1510,257,11,72.4408950805664,732,67,78,685,12.1533336639404,52.1691856384277,409.800201416016,25.5399990081787,2.24399995803833,23.2959995269775,7.45533323287964,16.5400009155273
"background",172,172,10.2028331756592,18.9686660766602,2.33466672897339,604,108,8,72.4637908935547,306,39,39,292,17.1609992980957,47.7596588134766,683.976806640625,31.9200000762939,-4.01200008392334,35.931999206543,2.77533340454102,18.9686660766602
"background",173,173,7.99266672134399,13.9340000152588,3.27799987792969,2670,447,36,67.1418838500977,1265,170,185,1192,9.87399959564209,45.3351707458496,439.68603515625,21.3279991149902,-0.451999992132187,21.7799987792969,3.6266667842865,13.311333656311
"background",174,174,10.3056669235229,16.5833339691162,4.64266681671143,1626,290,19,71.8644943237305,797,89,99,759,11.2886667251587,45.6957054138184,488.247619628906,25.3759994506836,0.671999990940094,24.7039985656738,4.98333311080933,16.2866668701172
"background",175,175,10.4293336868286,14.7006664276123,6.79533338546753,2162,359,23,68.499397277832,1021,121,128,959,8.6133337020874,50.9423561096191,325.1943359375,20.0919990539551,3.18400001525879,16.9079990386963,7.31199979782104,14.0920000076294
"background",176,176,10.5786666870117,16.988000869751,5.35666656494141,1620,285,14,73.7030029296875,803,74,86,745,12.8613338470459,49.7113990783691,480.049835205078,26.8600006103516,0.987999975681305,25.8719997406006,5.69133329391479,16.5906658172607
"background",177,177,6.55066680908203,14.5793333053589,0.184666633605957,1193,184,12,67.498420715332,543,67,68,521,14.1986665725708,46.9284324645996,603.16357421875,25.1240005493164,-5.13199996948242,30.2560005187988,0.892666697502136,14.0799999237061
"background",178,178,6.10550022125244,13.8920001983643,-0.442666679620743,2595,417,42,62.5520973205566,1206,193,207,1120,10.6190004348755,38.9487953186035,593.998168945312,22.9360008239746,-4.32800006866455,27.2639999389648,0.119999967515469,13.6153335571289
"background",179,179,16.4773330688477,23.9433326721191,8.52000045776367,474,99,1,90.2778396606445,254,7,11,254,14.826000213623,46.3544311523438,642.794738769531,34.5719985961914,2.58800005912781,31.9839992523193,8.52000045776367,23.9433326721191
"background",180,180,10.6770000457764,18.4206657409668,4.52333307266235,1263,223,4,82.4025497436523,638,34,47,617,14.796667098999,49.4541015625,589.235717773438,28.992000579834,-0.927999973297119,29.9200000762939,5.10599994659424,18.1246662139893
"background",181,181,11.7249994277954,17.6713333129883,7.02799987792969,1789,326,3,86.6122360229492,936,32,53,902,12.6186666488647,51.5974273681641,439.768920898438,26.6719989776611,2.21600008010864,24.4559993743896,7.49533319473267,16.9659996032715
"background",182,182,9.34416675567627,16.6800003051758,2.99066662788391,1465,239,19,64.4081115722656,688,102,107,620,13.1803331375122,45.8542098999023,570.254699707031,27.3279991149902,-1.41600000858307,28.7439994812012,3.27266669273376,16.5493335723877
"background",183,183,11.7133331298828,19.699333190918,5.47200012207031,1098,188,5,79.5398178100586,541,36,48,527,15.8780002593994,50.4127502441406,604.604919433594,31.0839996337891,-0.412000000476837,31.496000289917,5.93066644668579,19.2693328857422
