"species","x","y","wc2.1_2.5m_bio_1","wc2.1_2.5m_bio_10","wc2.1_2.5m_bio_11","wc2.1_2.5m_bio_12","wc2.1_2.5m_bio_13","wc2.1_2.5m_bio_14","wc2.1_2.5m_bio_15","wc2.1_2.5m_bio_16","wc2.1_2.5m_bio_17","wc2.1_2.5m_bio_18","wc2.1_2.5m_bio_19","wc2.1_2.5m_bio_2","wc2.1_2.5m_bio_3","wc2.1_2.5m_bio_4","wc2.1_2.5m_bio_5","wc2.1_2.5m_bio_6","wc2.1_2.5m_bio_7","wc2.1_2.5m_bio_8","wc2.1_2.5m_bio_9"
"species",1,1,9.70199966430664,15.966667175293,4.13533353805542,1788,312,22,70.4519348144531,869,103,114,824,10.8500003814697,45.1706924438477,484.14794921875,24.3519992828369,0.332000017166138,24.019998550415,4.47800016403198,15.6373329162598
"species",2,2,10.2693328857422,14.8253335952759,6.25866651535034,2332,370,39,62.5790367126465,1068,163,176,992,9.48400020599365,51.3203430175781,353.377075195312,20.7040004730225,2.22399997711182,18.4799995422363,6.55933332443237,14.4940004348755
"species",3,3,11.6095237731934,15.8571434020996,8.32539653778076,1971,332,13,72.8100509643555,945,87,98,885,9.37142848968506,53.682487487793,314.517120361328,21.6619052886963,4.20476198196411,17.4571437835693,8.76904773712158,15.2150793075562
"species",4,4,10.5361671447754,15.3166666030884,6.20466661453247,2225,352,36,61.9580154418945,1013,157,168,941,9.96166610717773,50.6594085693359,374.781158447266,21.57200050354,1.90799999237061,19.6640014648438,6.48333358764648,15.0333337783813
"species",5,5,5.88183307647705,13.503999710083,-0.351999998092651,1427,242,19,68.8437805175781,694,88,96,636,13.610333442688,45.8198661804199,577.95751953125,24.2360000610352,-5.46799993515015,29.7040004730225,0.157999992370605,13.1020002365112
"species",6,6,10.2863330841064,15.9139995574951,5.12000036239624,2224,387,21,71.775032043457,1085,115,127,1021,9.84933376312256,45.0317001342773,437.604034423828,23.1560001373291,1.28400003910065,21.8719997406006,5.60066699981689,15.4626665115356
"species",7,7,9.79366683959961,15.78600025177,4.71133327484131,2264,396,23,71.3643112182617,1106,123,133,1038,10.4340000152588,45.8274765014648,452.922515869141,23.8040008544922,1.03600001335144,22.7680015563965,5.18533325195312,15.2786664962769
"species",8,8,9.14383316040039,14.9993333816528,4.62200021743774,2521,431,27,69.8168792724609,1215,142,154,1136,10.1870002746582,46.6096267700195,430.502410888672,22.7880001068115,0.931999981403351,21.8560009002686,5.05399990081787,14.3453330993652
"species",9,9,8.75,14.1119995117188,4.48799991607666,2633,438,35,66.9500503540039,1242,165,181,1167,9.86466693878174,47.8402862548828,398.207916259766,21.1319999694824,0.512000024318695,20.6200008392334,4.87400007247925,13.5193338394165
"species",10,10,9.89883327484131,15.2840003967285,5.14133358001709,2482,431,27,70.7146759033203,1203,136,149,1136,9.48700046539307,46.1879272460938,413.420806884766,21.996000289917,1.4559999704361,20.5400009155273,5.55800008773804,14.78600025177
"species",11,11,8.13399982452393,13.8299999237061,3.57666683197021,2706,455,35,67.585334777832,1285,168,183,1211,9.95466709136963,46.2663459777832,423.416046142578,21.1319999694824,-0.38400000333786,21.5160007476807,3.93466663360596,13.2406673431396
"species",12,12,10.2863330841064,15.9139995574951,5.12000036239624,2224,387,21,71.775032043457,1085,115,127,1021,9.84933376312256,45.0317001342773,437.604034423828,23.1560001373291,1.28400003910065,21.8719997406006,5.60066699981689,15.4626665115356
"species",13,13,9.29233360290527,15.054666519165,4.74200010299683,2498,429,26,70.1141052246094,1206,138,151,1129,10.2073335647583,46.9345817565918,426.434539794922,22.8080005645752,1.05999994277954,21.7480010986328,5.16866683959961,14.4306669235229
"species",14,14,10.2948331832886,15.9793338775635,5.11133337020874,2249,393,22,72.082275390625,1100,115,128,1035,9.94033336639404,45.1587028503418,441.249938964844,23.3199996948242,1.30799996852875,22.011999130249,5.5973334312439,15.5313339233398
"species",15,15,9.89066696166992,14.974666595459,5.56133317947388,2490,426,28,69.4444580078125,1193,141,152,1125,8.97399997711182,46.8078460693359,385.272735595703,21.1399993896484,1.96799993515015,19.1719989776611,6.00733327865601,14.3926668167114
"species",16,16,9.37866687774658,14.5633335113525,5.31599998474121,2723,464,30,69.6631698608398,1305,153,166,1228,9.21933364868164,47.4929618835449,383.385437011719,21.1079998016357,1.69599997997284,19.4120006561279,5.74333333969116,13.8746662139893
"species",17,17,10.0404996871948,15.3266668319702,5.32266664505005,2413,416,27,69.9684829711914,1162,135,146,1097,9.30233287811279,46.234260559082,407.30224609375,21.7719993591309,1.65200006961823,20.1199989318848,5.75,14.8313331604004
"species",18,18,10.0716667175293,15.6226663589478,5.09000015258789,2279,394,23,71.1681747436523,1106,120,132,1040,9.739333152771,45.4514350891113,427.077484130859,22.7119998931885,1.28400003910065,21.42799949646,5.57800006866455,15.1006660461426
"species",19,19,9.75949954986572,15.6213331222534,4.86800003051758,2293,397,23,71.0535736083984,1116,123,135,1045,10.3796663284302,46.3874969482422,440.364837646484,23.5559997558594,1.1800000667572,22.3759994506836,5.35200023651123,15.0633335113525
"species",20,20,9.88783359527588,14.9559993743896,5.53266668319702,2499,427,29,69.2173461914062,1196,143,154,1128,9.05299949645996,46.90673828125,385.447204589844,21.1199989318848,1.8199999332428,19.2999992370605,5.9520001411438,14.3933334350586
"species",21,21,9.53866672515869,15.0426664352417,5.00733327865601,2646,458,28,70.7217636108398,1282,145,158,1208,9.71666622161865,46.6429824829102,412.422332763672,22.07200050354,1.24000000953674,20.8320007324219,5.39933347702026,14.4313335418701
"species",22,22,10.1304998397827,15.3219995498657,5.50133323669434,2374,409,27,69.7656631469727,1143,135,145,1079,9.25366687774658,46.4914932250977,400.303771972656,21.6800003051758,1.77600002288818,19.9039993286133,5.89666652679443,14.8386669158936
"species",23,23,11.2791662216187,18.2099990844727,5.01933336257935,1284,230,15,71.7599411010742,635,72,77,596,11.9409999847412,44.5626220703125,537.251403808594,27.8479995727539,1.05200004577637,26.7959995269775,5.41666698455811,17.8573322296143
"species",24,24,10.3523330688477,16.3586673736572,4.80800008773804,1844,327,22,71.6341171264648,901,103,115,854,10.9519996643066,46.0555076599121,470.511962890625,24.6760005950928,0.89599996805191,23.7800006866455,5.18866682052612,16.0646667480469
"species",25,25,10.3669996261597,17.0393333435059,4.47600030899048,1477,253,19,68.3901748657227,711,92,99,671,11.2666664123535,44.5463638305664,514.309204101562,25.8560009002686,0.564000010490417,25.2920017242432,4.83333349227905,16.6979999542236
"species",26,26,10.3155002593994,16.9553337097168,4.36866664886475,1801,279,26,59.3007049560547,803,135,138,744,10.1583337783813,41.9419212341309,518.3642578125,25.0240001678467,0.804000020027161,24.2199993133545,4.71866655349731,16.7533340454102
"species",27,27,10.6188335418701,16.7013320922852,5.09133338928223,1979,351,19,72.4515838623047,974,102,112,916,10.6963329315186,45.5395660400391,473.175079345703,24.7759990692139,1.28799998760223,23.4879989624023,5.55999994277954,16.3446655273438
"species",28,28,11.7956666946411,16.7620010375977,7.40733337402344,2073,360,10,77.2744827270508,1022,70,84,969,10.6566667556763,51.9128341674805,385.267669677734,23.5960006713867,3.06800007820129,20.5279998779297,7.74733352661133,16.275333404541
"species",29,29,11.6095237731934,15.8571434020996,8.32539653778076,1971,332,13,72.8100509643555,945,87,98,885,9.37142848968506,53.682487487793,314.517120361328,21.6619052886963,4.20476198196411,17.4571437835693,8.76904773712158,15.2150793075562
"species",30,30,11.7956666946411,16.7620010375977,7.40733337402344,2073,360,10,77.2744827270508,1022,70,84,969,10.6566667556763,51.9128341674805,385.267669677734,23.5960006713867,3.06800007820129,20.5279998779297,7.74733352661133,16.275333404541
"species",31,31,8.21049976348877,13.5366668701172,4.43133354187012,3172,533,39,68.1421813964844,1507,191,207,1417,9.48299980163574,48.0006065368652,384.161743164062,20.2159996032715,0.46000000834465,19.7560005187988,4.78933334350586,12.7453327178955
"species",32,32,9.55316638946533,14.8133335113525,5.0973334312439,2301,366,40,62.3444442749023,1052,169,182,984,9.8730001449585,48.924674987793,399.924865722656,21.2800006866455,1.10000002384186,20.1800003051758,5.44133329391479,14.3486671447754
"species",33,33,8.30883312225342,14.9646663665771,3.40466666221619,1507,269,14,73.9205017089844,751,74,81,701,13.2563333511353,50.2743225097656,487.981079101562,24.9360008239746,-1.432000041008,26.3680000305176,3.82333326339722,14.4773330688477
"species",34,34,10.6591663360596,17.236665725708,4.77399969100952,1705,301,18,71.54296875,840,94,102,782,11.0096664428711,44.0175399780273,507.385620117188,25.9839992523193,0.972000002861023,25.011999130249,5.25600004196167,16.8460006713867
"species",35,35,10.0380001068115,16.4253330230713,4.56333351135254,2030,352,21,70.9362716674805,991,112,121,922,10.8386669158936,44.765682220459,484.285736083984,24.9839992523193,0.772000014781952,24.2119998931885,5.01666688919067,15.92799949646
"species",36,36,11.2615003585815,15.9166669845581,7.65333318710327,1851,311,14,71.7580413818359,887,87,95,831,10.682333946228,54.0275802612305,343.260894775391,22.7520008087158,2.98000001907349,19.7720012664795,8.05733299255371,15.2133331298828
"species",37,37,9.76133346557617,16.474666595459,4.50866651535034,2050,335,25,65.3713302612305,960,134,140,881,11.5240001678467,45.5422058105469,496.417205810547,25.7679996490479,0.464000016450882,25.3039989471436,4.77799987792969,15.9193334579468
"species",38,38,10.0841665267944,14.7106666564941,6.08999967575073,2401,383,40,63.0545616149902,1104,169,179,1027,9.45233345031738,50.9175491333008,355.776611328125,20.7439994812012,2.1800000667572,18.5639991760254,6.38266658782959,14.3166666030884
"species",39,39,11.4349994659424,18.32200050354,5.22333335876465,1395,245,15,70.9732818603516,688,80,86,634,11.7173328399658,44.2230262756348,531.828369140625,27.6639995574951,1.16799998283386,26.496000289917,5.7093334197998,17.9326667785645
"species",40,40,11.1936664581299,17.988000869751,5.1013331413269,1471,259,16,70.7991333007812,723,84,91,669,11.4846668243408,44.2057991027832,524.310546875,27.1040000915527,1.12400007247925,25.9799995422363,5.56333351135254,17.6113338470459
"species",41,41,11.1936664581299,17.988000869751,5.1013331413269,1471,259,16,70.7991333007812,723,84,91,669,11.4846668243408,44.2057991027832,524.310546875,27.1040000915527,1.12400007247925,25.9799995422363,5.56333351135254,17.6113338470459
"species",42,42,11.2806663513184,18.0993328094482,5.10533332824707,1415,251,16,70.9668045043945,696,80,85,647,11.5880002975464,44.2763252258301,529.194763183594,27.2320003509521,1.06000006198883,26.1720008850098,5.53066682815552,17.767333984375
"species",43,43,10.6188335418701,16.7013320922852,5.09133338928223,1979,351,19,72.4515838623047,974,102,112,916,10.6963329315186,45.5395660400391,473.175079345703,24.7759990692139,1.28799998760223,23.4879989624023,5.55999994277954,16.3446655273438
"species",44,44,11.833833694458,19.4793338775635,5.08599996566772,1007,178,10,75.2331619262695,510,46,55,469,14.2876672744751,47.354061126709,595.246154785156,30.6079998016357,0.436000019311905,30.1719989776611,5.28000020980835,19.3500003814697
"species",45,45,10.3954162597656,14.8466663360596,6.50833320617676,2245,355,36,62.4937286376953,1026,155,167,951,9.34416675567627,52.1147041320801,345.400665283203,20.5200004577637,2.58999991416931,17.9300003051758,6.79166698455811,14.5683326721191
"species",46,46,9.96300029754639,14.6280002593994,5.94933319091797,2589,421,40,64.7016296386719,1204,178,187,1124,8.93133354187012,48.8584976196289,356.104858398438,20.5960006713867,2.31599998474121,18.2800006866455,6.26933336257935,14.1173334121704
"species",47,47,10.176833152771,14.7253332138062,6.14799976348877,2341,372,40,62.4284172058105,1072,166,178,997,9.42966651916504,51.3262939453125,353.447448730469,20.6399993896484,2.26799988746643,18.3719997406006,6.46733331680298,14.3966665267944
"species",48,48,10.2539215087891,14.7950983047485,6.30588245391846,2322,369,38,62.8506622314453,1065,161,173,989,9.38529396057129,51.335262298584,350.901702880859,20.5823535919189,2.29999995231628,18.2823543548584,6.58725500106812,14.4656858444214
"species",49,49,10.5361671447754,15.3166666030884,6.20466661453247,2225,352,36,61.9580154418945,1013,157,168,941,9.96166610717773,50.6594085693359,374.781158447266,21.57200050354,1.90799999237061,19.6640014648438,6.48333358764648,15.0333337783813
"species",50,50,11.7956666946411,16.7620010375977,7.40733337402344,2073,360,10,77.2744827270508,1022,70,84,969,10.6566667556763,51.9128341674805,385.267669677734,23.5960006713867,3.06800007820129,20.5279998779297,7.74733352661133,16.275333404541
"species",51,51,11.5986661911011,16.7626667022705,7.23000001907349,1673,285,11,73.0589599609375,809,72,83,759,11.7213335037231,52.7322883605957,390.110687255859,24.6359996795654,2.40799999237061,22.2280006408691,7.61533355712891,16.1866664886475
"species",52,52,11.5648336410522,18.5033340454102,5.30800008773804,1308,230,15,70.3164443969727,643,78,82,592,11.8636665344238,44.3070907592773,536.455627441406,27.9200000762939,1.14400005340576,26.7760009765625,5.74933338165283,18.1346664428711
"species",53,53,10.8551664352417,17.542667388916,4.89933347702026,1621,286,17,71.16748046875,797,91,98,741,11.2569999694824,44.1866836547852,514.684875488281,26.488000869751,1.01199996471405,25.476001739502,5.37799978256226,17.1499996185303
"species",54,54,10.176833152771,14.7253332138062,6.14799976348877,2341,372,40,62.4284172058105,1072,166,178,997,9.42966651916504,51.3262939453125,353.447448730469,20.6399993896484,2.26799988746643,18.3719997406006,6.46733331680298,14.3966665267944
"species",55,55,10.2693328857422,14.8253335952759,6.25866651535034,2332,370,39,62.5790367126465,1068,163,176,992,9.48400020599365,51.3203430175781,353.377075195312,20.7040004730225,2.22399997711182,18.4799995422363,6.55933332443237,14.4940004348755
"species",56,56,10.3956670761108,16.5066661834717,4.92000007629395,2053,364,20,72.2833251953125,1010,107,118,950,10.7360000610352,45.4376182556152,472.099090576172,24.6879997253418,1.06000006198883,23.6280002593994,5.39333343505859,16.1193332672119
"species",57,57,11.1569995880127,17.9099998474121,5.03999996185303,1501,265,16,71.4201736450195,741,84,90,686,11.4139995574951,44.0354957580566,522.8564453125,27.003999710083,1.08399999141693,25.9200000762939,5.55000019073486,17.5413341522217
"species",58,58,9.51500034332275,15.6673336029053,4.46199989318848,2358,408,25,70.4426345825195,1144,132,143,1071,10.456000328064,45.3898239135742,459.974945068359,23.7600002288818,0.723999977111816,23.0359992980957,4.86733341217041,15.1193332672119
"species",59,59,12.2106771469116,15.1218748092651,9.359375,1031,203,4,88.541633605957,543,17,29,529,10.6807289123535,62.8047294616699,239.912261962891,21.46875,4.46250009536743,17.0062503814697,9.93854141235352,14.578125
"species",60,60,10.8551664352417,17.542667388916,4.89933347702026,1621,286,17,71.16748046875,797,91,98,741,11.2569999694824,44.1866836547852,514.684875488281,26.488000869751,1.01199996471405,25.476001739502,5.37799978256226,17.1499996185303
"species",61,61,10.4396667480469,16.9820003509521,4.61600017547607,1702,301,19,71.1204223632812,833,96,102,784,11.1639995574951,44.4851760864258,506.591644287109,25.8279991149902,0.73199999332428,25.0959987640381,4.96466636657715,16.6539993286133
"species",62,62,12.2106771469116,15.1218748092651,9.359375,1031,203,4,88.541633605957,543,17,29,529,10.6807289123535,62.8047294616699,239.912261962891,21.46875,4.46250009536743,17.0062503814697,9.93854141235352,14.578125
"species",63,63,12.2106771469116,15.1218748092651,9.359375,1031,203,4,88.541633605957,543,17,29,529,10.6807289123535,62.8047294616699,239.912261962891,21.46875,4.46250009536743,17.0062503814697,9.93854141235352,14.578125
"species",64,64,12.5358695983887,16.1166667938232,9.28695678710938,1099,220,3,89.845085144043,581,16,28,572,11.706521987915,62.211181640625,285.605224609375,23.0826091766357,4.26521730422974,18.8173923492432,9.9188404083252,15.5217390060425
"species",65,65,9.54083347320557,15.5826663970947,4.30066680908203,2565,450,27,71.7503509521484,1255,139,155,1184,10.6003332138062,45.8809432983398,461.314544677734,23.6319999694824,0.527999997138977,23.1040000915527,4.69333362579346,15.1420001983643
"species",66,66,11.2615003585815,15.9166669845581,7.65333318710327,1851,311,14,71.7580413818359,887,87,95,831,10.682333946228,54.0275802612305,343.260894775391,22.7520008087158,2.98000001907349,19.7720012664795,8.05733299255371,15.2133331298828
"species",67,67,11.255952835083,14.5023803710938,8.27023792266846,1469,248,7,75.4193801879883,709,51,66,667,9.66904735565186,58.9319381713867,257.401702880859,20.1857147216797,3.77857136726379,16.4071426391602,8.62380981445312,14.1309518814087
"species",68,68,11.4851665496826,18.6679992675781,5.31733369827271,1350,222,17,65.6399765014648,640,92,95,578,12.1583337783813,44.0966682434082,543.024047851562,28.6079998016357,1.03600001335144,27.57200050354,5.66200017929077,18.1259994506836
"species",69,69,10.018666267395,16.7433338165283,4.28200006484985,1840,289,24,61.7728424072266,838,131,133,758,11.993332862854,45.8250541687012,516.95458984375,26.3560009002686,0.184000000357628,26.1720008850098,4.58666658401489,16.4873332977295
"species",70,70,11.7608337402344,18.8073329925537,5.47733306884766,1246,208,15,67.5141067504883,601,81,85,539,12.2170000076294,44.5485725402832,543.308044433594,28.5919990539551,1.16799998283386,27.423999786377,5.87266683578491,18.466667175293
"species",71,71,10.8551664352417,17.542667388916,4.89933347702026,1621,286,17,71.16748046875,797,91,98,741,11.2569999694824,44.1866836547852,514.684875488281,26.488000869751,1.01199996471405,25.476001739502,5.37799978256226,17.1499996185303
"species",72,72,9.87899971008301,15.9819993972778,4.42133331298828,2312,410,24,72.5215911865234,1139,122,137,1074,10.8106670379639,45.3543663024902,472.228607177734,24.2959995269775,0.46000000834465,23.8360004425049,4.79666662216187,15.6206665039062
"species",73,73,11.5871667861938,18.5473327636719,5.29866647720337,1190,212,15,69.7898941040039,581,72,74,545,11.8343334197998,44.2835426330566,542.010986328125,27.8839988708496,1.16000008583069,26.7239990234375,5.62866687774658,18.2600002288818
"species",74,74,11.2791662216187,18.2099990844727,5.01933336257935,1284,230,15,71.7599411010742,635,72,77,596,11.9409999847412,44.5626220703125,537.251403808594,27.8479995727539,1.05200004577637,26.7959995269775,5.41666698455811,17.8573322296143
"species",75,75,11.1569995880127,17.9099998474121,5.03999996185303,1501,265,16,71.4201736450195,741,84,90,686,11.4139995574951,44.0354957580566,522.8564453125,27.003999710083,1.08399999141693,25.9200000762939,5.55000019073486,17.5413341522217
"species",76,76,11.2449998855591,17.9686660766602,5.13000011444092,1346,218,17,64.2257690429688,630,94,96,565,11.746000289917,44.4251136779785,527.179260253906,27.3840007781982,0.944000005722046,26.4400005340576,5.46600008010864,17.7940006256104
"species",77,77,10.9603328704834,17.6733322143555,4.91666698455811,1581,276,17,71.1507415771484,778,89,95,717,11.4986667633057,44.0022430419922,518.131713867188,26.9440002441406,0.811999976634979,26.1319999694824,5.42133331298828,17.2853336334229
"species",78,78,10.7861671447754,17.3780002593994,4.81666660308838,1704,298,17,71.6433486938477,838,92,98,778,11.298999786377,43.9992218017578,509.178649902344,26.4200000762939,0.740000009536743,25.6800003051758,5.36533308029175,16.96266746521
"species",79,79,11.0749998092651,17.6793327331543,5.02333354949951,1597,277,16,71.3556442260742,785,86,93,726,11.5193338394165,44.0206871032715,511.810546875,27.0120010375977,0.843999981880188,26.1680011749268,5.61866664886475,17.2786674499512
"species",80,80,10.9701662063599,17.7000007629395,4.94466686248779,1590,278,17,71.1553115844727,783,90,96,723,11.4356670379639,43.9833335876465,518.480834960938,26.8719997406006,0.871999979019165,26,5.43266677856445,17.2959995269775
"species",81,81,12.5358695983887,16.1166667938232,9.28695678710938,1099,220,3,89.845085144043,581,16,28,572,11.706521987915,62.211181640625,285.605224609375,23.0826091766357,4.26521730422974,18.8173923492432,9.9188404083252,15.5217390060425
"species",82,82,10.4020004272461,17.7779998779297,4.61866664886475,1387,248,4,84.3225784301758,716,35,52,693,15.485333442688,51.707405090332,550.332580566406,29.1000003814697,-0.84799998998642,29.9479999542236,5.14666652679443,17.2000007629395
"species",83,83,12.1243333816528,16.6420001983643,8.10533332824707,1350,240,3,83.8495407104492,688,28,43,655,10.5579996109009,52.9169998168945,348.095153808594,23.2800006866455,3.32800006866455,19.9519996643066,8.52733325958252,16.1266670227051
"species",84,84,11.255952835083,14.5023803710938,8.27023792266846,1469,248,7,75.4193801879883,709,51,66,667,9.66904735565186,58.9319381713867,257.401702880859,20.1857147216797,3.77857136726379,16.4071426391602,8.62380981445312,14.1309518814087
"species",85,85,10.9113330841064,17.6033344268799,4.98799991607666,1496,246,17,67.5505447387695,715,90,96,649,12.2533340454102,45.7213935852051,515.60498046875,27.3880004882812,0.587999999523163,26.8000011444092,5.36266660690308,17.2693328857422
"species",86,86,12.9385004043579,17.9653339385986,8.59200000762939,1145,233,3,91.0876159667969,611,15,27,605,13.1483335494995,57.2164192199707,386.913604736328,26.1119995117188,3.13199996948242,22.9799995422363,9.2586669921875,17.2866668701172
"species",87,87,11.5572919845581,14.2958335876465,8.75,1125,208,4,84.7441177368164,567,23,36,567,9.98854160308838,62.5995559692383,226.390289306641,20.03125,4.07499980926514,15.9562501907349,8.75,13.9208335876465
"species",88,88,10.8551664352417,17.542667388916,4.89933347702026,1621,286,17,71.16748046875,797,91,98,741,11.2569999694824,44.1866836547852,514.684875488281,26.488000869751,1.01199996471405,25.476001739502,5.37799978256226,17.1499996185303
"species",89,89,11.1276664733887,17.9653339385986,4.92933320999146,1268,225,15,70.6670989990234,622,74,77,584,11.7559995651245,44.3823623657227,531.751770019531,27.4479999542236,0.959999978542328,26.488000869751,5.31066656112671,17.6466674804688
"species",90,90,12.1890001296997,16.5766658782959,8.38466644287109,1325,234,3,82.8504638671875,670,29,43,638,10.5593338012695,53.8851470947266,335.387664794922,23,3.40400004386902,19.5960006713867,8.78333282470703,16.0246658325195
"species",91,91,11.7568330764771,16.025333404541,7.68466663360596,1256,237,3,86.1660308837891,644,22,35,644,12.2910003662109,58.0530891418457,340.437225341797,23.5839996337891,2.41199994087219,21.1719989776611,7.68466663360596,15.6326665878296
"species",92,92,10.9701662063599,17.7000007629395,4.94466686248779,1590,278,17,71.1553115844727,783,90,96,723,11.4356670379639,43.9833335876465,518.480834960938,26.8719997406006,0.871999979019165,26,5.43266677856445,17.2959995269775
"species",93,93,11.2615003585815,15.9166669845581,7.65333318710327,1851,311,14,71.7580413818359,887,87,95,831,10.682333946228,54.0275802612305,343.260894775391,22.7520008087158,2.98000001907349,19.7720012664795,8.05733299255371,15.2133331298828
"species",94,94,11.3970003128052,18.4213333129883,4.92933320999146,1340,213,21,59.8537864685059,608,104,106,558,11.029333114624,42.2320938110352,553.784362792969,27.1159992218018,1,26.1159992218018,5.28933334350586,18.2806663513184
"species",95,95,10.3155002593994,16.9553337097168,4.36866664886475,1801,279,26,59.3007049560547,803,135,138,744,10.1583337783813,41.9419212341309,518.3642578125,25.0240001678467,0.804000020027161,24.2199993133545,4.71866655349731,16.7533340454102
"species",96,96,10.8551664352417,17.542667388916,4.89933347702026,1621,286,17,71.16748046875,797,91,98,741,11.2569999694824,44.1866836547852,514.684875488281,26.488000869751,1.01199996471405,25.476001739502,5.37799978256226,17.1499996185303
"species",97,97,11.4309997558594,17.9833335876465,5.52600002288818,1419,239,14,70.1402359008789,688,76,81,635,12.07200050354,45.7134208679199,505.657775878906,27.7639999389648,1.35599994659424,26.4080009460449,5.97800016403198,17.5900001525879
"species",98,98,10.3155002593994,16.9553337097168,4.36866664886475,1801,279,26,59.3007049560547,803,135,138,744,10.1583337783813,41.9419212341309,518.3642578125,25.0240001678467,0.804000020027161,24.2199993133545,4.71866655349731,16.7533340454102
"species",99,99,9.51233291625977,16.1259994506836,3.91466665267944,2102,328,30,59.9722328186035,942,155,162,876,9.92800045013428,42.0464172363281,504.995788574219,24.0200004577637,0.407999992370605,23.6119995117188,4.24866676330566,15.78600025177
"species",100,100,10.8544998168945,18.4373340606689,3.24266672134399,1428,234,19,64.7294311523438,672,97,97,629,10.3983335494995,38.1842422485352,621.630615234375,26.8080005645752,-0.42399999499321,27.2320003509521,3.96733331680298,18.4373340606689
"species",101,101,8.55566692352295,15.489333152771,3.1100001335144,1729,291,21,68.3289642333984,831,103,111,757,12.8446664810181,47.5657920837402,519.631713867188,25.6520004272461,-1.35199999809265,27.003999710083,3.4353334903717,15.1433334350586
"species",102,102,8.38449954986572,15.4479999542236,2.77533340454102,1697,287,20,68.70556640625,819,100,109,746,12.9329996109009,47.283561706543,531.139038085938,25.7399997711182,-1.61199998855591,27.3519992828369,3.11199998855591,15.1226663589478
"species",103,103,9.06933307647705,16.0926666259766,3.43199992179871,1606,268,19,67.8412628173828,769,95,105,697,13.2253332138062,47.7931976318359,530.3740234375,26.5639991760254,-1.10800004005432,27.6719989776611,3.76333332061768,15.7946662902832
"species",104,104,9.93649959564209,16.6793327331543,4.32599973678589,1643,266,20,64.3789443969727,768,110,116,692,12.5643329620361,47.1634140014648,515.417053222656,26.6439990997314,0.00400000158697367,26.6399993896484,4.60533332824707,16.435998916626
"species",105,105,9.93649959564209,16.6793327331543,4.32599973678589,1643,266,20,64.3789443969727,768,110,116,692,12.5643329620361,47.1634140014648,515.417053222656,26.6439990997314,0.00400000158697367,26.6399993896484,4.60533332824707,16.435998916626
"species",106,106,9.37866687774658,14.5633335113525,5.31599998474121,2723,464,30,69.6631698608398,1305,153,166,1228,9.21933364868164,47.4929618835449,383.385437011719,21.1079998016357,1.69599997997284,19.4120006561279,5.74333333969116,13.8746662139893
"species",107,107,9.55216693878174,14.8906669616699,5.22800016403198,2641,453,28,70.2497634887695,1272,146,158,1197,9.45766639709473,46.9316520690918,398.041168212891,21.6560001373291,1.50399994850159,20.1520004272461,5.66933345794678,14.2586669921875
"species",108,108,10.3026666641235,14.9946670532227,6.15799999237061,2183,370,27,67.9859237670898,1037,132,136,976,8.50266647338867,47.363338470459,360.498992919922,20.431999206543,2.48000001907349,17.9519996643066,6.57800006866455,14.4553337097168
"species",109,109,10.0764999389648,14.9373331069946,5.86933326721191,2371,403,28,68.6395874023438,1130,139,146,1065,8.72833347320557,47.1597862243652,370.5244140625,20.7199993133545,2.21199989318848,18.507999420166,6.30733346939087,14.3780002593994
"species",110,110,9.76566696166992,14.8426666259766,5.55266666412354,2551,435,28,69.534797668457,1222,143,155,1151,9.01333332061768,47.1704711914062,381.770172119141,21.0839996337891,1.97599995136261,19.1079998016357,5.98600006103516,14.2193336486816
"species",111,111,9.01850032806396,14.4359998703003,4.46466684341431,2717,458,34,68.3846817016602,1294,163,179,1217,9.75766658782959,46.9750938415527,408.926849365234,21.4720001220703,0.699999988079071,20.7719993591309,4.78200006484985,13.8866672515869
"species",112,112,11.2376670837402,18.1319999694824,4.77199983596802,1063,184,14,68.2192687988281,515,68,72,484,11.4079999923706,43.5486335754395,546.654541015625,27.0559997558594,0.860000014305115,26.1959991455078,5.18133354187012,17.974666595459
"species",113,113,13.2231664657593,17.6393337249756,8.7993335723877,1083,228,2,93.187744140625,588,12,21,588,13.0976667404175,58.9029769897461,363.808013916016,25.6440010070801,3.40799999237061,22.2360000610352,8.7993335723877,17.1986675262451
"species",114,114,11.9626665115356,17.6180000305176,7.32999992370605,1499,269,4,83.9176025390625,769,33,50,737,13.0073328018188,53.1171722412109,423.582153320312,26.9720001220703,2.48399996757507,24.488000869751,7.84200000762939,16.9360008239746
"species",115,115,12.1048336029053,16.7273330688477,7.98666667938232,1355,241,3,83.6894302368164,691,29,43,659,10.8376665115356,52.9803810119629,356.563110351562,23.7479991912842,3.29200005531311,20.4559993743896,8.43200016021729,16.2086658477783
"species",116,116,13.0024995803833,16.8866672515869,9.23066711425781,1091,226,3,92.1276245117188,587,14,24,587,12.8463335037231,61.6190185546875,316.194091796875,24.57200050354,3.72399997711182,20.8479995727539,9.23066711425781,16.3299999237061
"species",117,117,13.5531663894653,17.7700004577637,9.22200012207031,1006,209,2,92.5773162841797,545,12,20,545,13.91100025177,60.3252372741699,350.753631591797,26.2520008087158,3.19199991226196,23.060001373291,9.22200012207031,17.2880001068115
"species",118,118,10.2876663208008,16.1100006103516,4.87133312225342,2135,380,22,72.343994140625,1050,112,124,992,10.5833330154419,46.0385131835938,458.773254394531,23.992000579834,1.00399994850159,22.988000869751,5.27400016784668,15.8126668930054
"species",119,119,10.1335000991821,16.3093338012695,4.41533327102661,2072,370,22,72.5849075317383,1021,109,120,965,10.8776664733887,44.986213684082,484.443420410156,24.6280002593994,0.448000013828278,24.1800003051758,4.84866666793823,16.0020008087158
"species",120,120,10.5310001373291,17.076000213623,4.62666654586792,1836,334,18,74.3978729248047,918,92,102,867,11.6700000762939,45.345043182373,508.19580078125,26.3360004425049,0.600000023841858,25.7360000610352,4.99399995803833,16.7526664733887
"species",121,121,13.0730905532837,16.3430557250977,9.70347213745117,1016,206,3,90.035888671875,533,15,26,533,12.3052082061768,63.4834480285645,274.188781738281,23.6625003814697,4.27916669845581,19.3833332061768,9.70347213745117,15.8895835876465
"species",122,122,11.8903331756592,15.808666229248,8.55933380126953,1853,330,3,86.7631072998047,969,30,50,923,9.17733287811279,52.8039855957031,297.330749511719,21.2040004730225,3.82399988174438,17.3800010681152,8.95666694641113,15.2453327178955
"species",123,123,12.1521663665771,17.6199989318848,7.66866683959961,1865,337,3,87.3652496337891,980,30,51,941,11.0649995803833,50.2497749328613,408.414123535156,24.9079990386963,2.88800001144409,22.019998550415,8.05799961090088,16.966667175293
"species",124,124,11.6631669998169,17.7606658935547,7.08599996566772,1565,284,4,84.0818786621094,807,35,53,774,14.2116661071777,54.176830291748,446.148284912109,28.0960006713867,1.8639999628067,26.2320003509521,7.61800003051758,16.8926658630371
"species",125,125,12.1365003585815,18.1306667327881,7.36466646194458,1495,271,4,84.5156173706055,772,33,50,741,13.7323331832886,53.0287818908691,445.140686035156,28.1840000152588,2.28800010681152,25.8959999084473,7.88800001144409,17.3666667938232
"species",126,126,12.1243333816528,16.6420001983643,8.10533332824707,1350,240,3,83.8495407104492,688,28,43,655,10.5579996109009,52.9169998168945,348.095153808594,23.2800006866455,3.32800006866455,19.9519996643066,8.52733325958252,16.1266670227051
"species",127,127,12.3078336715698,18.5126667022705,7.28600025177002,1449,264,3,85.1895370483398,753,30,47,723,14.0836668014526,52.60595703125,462.766693115234,28.9680004119873,2.19600009918213,26.7719993591309,7.81333351135254,17.7719993591309
"species",128,128,11.878999710083,18.5633335113525,6.28866672515869,1440,274,3,88.808464050293,768,25,42,748,15.3766670227051,53.1329193115234,508.569915771484,29.2880001068115,0.348000019788742,28.9400005340576,6.68400001525879,18.1406669616699
"species",129,129,8.3866662979126,15.2533330917358,3.61199998855591,1635,285,7,80.0873641967773,818,51,68,784,14.1126670837402,51.0588531494141,497.86181640625,25.4039993286133,-2.23600006103516,27.6399993896484,4.14266681671143,14.4519996643066
"species",130,130,10.9218330383301,16.2766666412354,7.09866666793823,1625,291,5,81.4445419311523,823,43,59,783,13.0830001831055,55.2211723327637,389.873992919922,25.42799949646,1.73600006103516,23.6919994354248,7.61666679382324,15.4373331069946
"species",131,131,11.9355001449585,17.9993343353271,7.22466659545898,1444,262,4,83.3676528930664,743,34,50,710,13.9923334121704,53.561222076416,447.263977050781,28.2119998931885,2.08800005912781,26.1240005493164,7.80866670608521,17.2000007629395
"species",132,132,13.4033336639404,17.8740005493164,8.89066696166992,1061,223,2,93.2552032470703,578,12,21,578,13.5826663970947,59.2095336914062,369.721588134766,26.1599998474121,3.22000002861023,22.9400005340576,8.89066696166992,17.449333190918
"species",133,133,12.1243333816528,16.6420001983643,8.10533332824707,1350,240,3,83.8495407104492,688,28,43,655,10.5579996109009,52.9169998168945,348.095153808594,23.2800006866455,3.32800006866455,19.9519996643066,8.52733325958252,16.1266670227051
"species",134,134,10.1324996948242,14.8093338012695,6.19799995422363,2115,332,40,61.3413009643555,960,160,170,891,9.29500007629395,51.0489883422852,354.859619140625,20.2880001068115,2.07999992370605,18.2080001831055,6.51999998092651,14.3606672286987
"species",135,135,11.5375003814697,15.9666662216187,7.84533309936523,1375,242,4,81.2943496704102,691,34,48,658,11.1363334655762,55.9614753723145,335.070831298828,23.2639999389648,3.36400008201599,19.8999996185303,8.36533355712891,15.4073333740234
"species",136,136,10.7335004806519,16.2759990692139,6.35733366012573,1663,296,7,79.52294921875,837,51,65,790,12.8430004119873,54.7722625732422,410.555389404297,25.1359996795654,1.68799996376038,23.4479999542236,6.75266695022583,15.576000213623
"species",137,137,12.162166595459,16.492000579834,8.24600028991699,1179,203,4,78.7842636108398,582,34,44,555,11.2783336639404,55.8001861572266,337.3251953125,23.7919998168945,3.57999992370605,20.2119998931885,8.72799968719482,16.0553340911865
"species",138,138,11.5839996337891,16.7613334655762,7.5566668510437,1445,256,5,80.3550262451172,726,40,53,690,13.1626663208008,56.1834831237793,385.102996826172,25.996000289917,2.56800007820129,23.42799949646,8.09333324432373,16.0666675567627
"species",139,139,10.3128328323364,16.4393329620361,5.48600006103516,1728,297,16,71.725341796875,843,85,96,779,12.2923336029053,50.091007232666,454.159484863281,25.8080005645752,1.26800000667572,24.5400009155273,5.87333345413208,15.9873332977295
"species",140,140,11.4525003433228,16.1206665039062,7.32666683197021,1707,280,16,69.0911178588867,807,89,92,753,9.76433277130127,51.015323638916,359.121063232422,22.4360008239746,3.2960000038147,19.1400012969971,7.77799987792969,15.546667098999
"species",141,141,10.5688333511353,16.2066669464111,5.51399993896484,2066,352,21,70.202262878418,994,111,120,933,10.103666305542,45.9675445556641,432.872497558594,23.6520004272461,1.67199993133545,21.9799995422363,6.01733350753784,15.6733341217041
"species",142,142,8.91583347320557,15.7613334655762,3.48066663742065,1726,286,22,66.0504531860352,820,112,121,744,12.6630001068115,47.2570533752441,516.188537597656,25.8799991607666,-0.916000008583069,26.7959995269775,3.77466654777527,15.4426670074463
"species",143,143,10.0500001907349,16.779333114624,4.07600021362305,2059,310,32,57.0749931335449,898,162,167,839,10.8013334274292,43.2607078552246,524.497009277344,25.3479995727539,0.379999995231628,24.9680004119873,4.48666667938232,16.5533332824707
"species",144,144,10.0500001907349,16.779333114624,4.07600021362305,2059,310,32,57.0749931335449,898,162,167,839,10.8013334274292,43.2607078552246,524.497009277344,25.3479995727539,0.379999995231628,24.9680004119873,4.48666667938232,16.5533332824707
"species",145,145,10.7358331680298,17.1280002593994,5.28533315658569,1623,274,17,69.8760452270508,786,88,97,723,11.929666519165,46.9671897888184,485.459533691406,26.6520004272461,1.25199997425079,25.3999996185303,5.64599990844727,16.7159996032715
"species",146,146,11.3946666717529,15.7319993972778,7.55066680908203,1638,269,13,70.2065658569336,778,79,83,724,9.54533290863037,52.3203964233398,335.863159179688,21.3040008544922,3.05999994277954,18.2440013885498,7.8986668586731,15.2486667633057
"species",147,147,12.07200050354,18.5860004425049,6.46600008010864,1699,298,9,76.9548797607422,844,60,73,793,12.3193330764771,47.0994529724121,492.378326416016,28.2880001068115,2.13199996948242,26.1560001373291,6.87733316421509,17.9780006408691
"species",148,148,11.7853336334229,18.2159996032715,6.33066654205322,1725,303,9,76.9255065917969,857,61,74,804,12.2533330917358,47.5525207519531,483.623870849609,27.8360004425049,2.06800007820129,25.7679996490479,6.76266670227051,17.593334197998
"species",149,149,12.07200050354,18.5860004425049,6.46600008010864,1699,298,9,76.9548797607422,844,60,73,793,12.3193330764771,47.0994529724121,492.378326416016,28.2880001068115,2.13199996948242,26.1560001373291,6.87733316421509,17.9780006408691
"species",150,150,10.9866666793823,17.6359996795654,4.98000001907349,1476,248,16,69.102897644043,715,86,92,653,12.0086669921875,45.1385765075684,515.018676757812,27.2959995269775,0.692000031471252,26.6040000915527,5.4486665725708,17.300666809082
"species",151,151,10.5361671447754,15.3166666030884,6.20466661453247,2225,352,36,61.9580154418945,1013,157,168,941,9.96166610717773,50.6594085693359,374.781158447266,21.57200050354,1.90799999237061,19.6640014648438,6.48333358764648,15.0333337783813
"species",152,152,10.6561670303345,15.7233333587646,6.16533327102661,2120,339,36,62.6146125793457,971,148,160,905,10.4976673126221,50.3243865966797,393.443084716797,22.6319999694824,1.77199995517731,20.8600006103516,6.42066669464111,15.3773336410522
"species",153,153,11.8095836639404,15.9133338928223,8.44166660308838,1903,317,13,71.8095626831055,907,90,96,848,9.16583347320557,53.538745880127,308.865844726562,21.3400001525879,4.21999979019165,17.1200008392334,8.87166690826416,15.3583335876465
"species",154,154,12.1243333816528,16.6420001983643,8.10533332824707,1350,240,3,83.8495407104492,688,28,43,655,10.5579996109009,52.9169998168945,348.095153808594,23.2800006866455,3.32800006866455,19.9519996643066,8.52733325958252,16.1266670227051
"species",155,155,10.6636667251587,16.9373340606689,5.49733352661133,1560,267,15,71.3425903320312,760,78,88,701,12.5319995880127,49.5022926330566,471.725311279297,26.5399990081787,1.22399997711182,25.3159980773926,5.89000034332275,16.5599994659424
"species",156,156,13.0730905532837,16.3430557250977,9.70347213745117,1016,206,3,90.035888671875,533,15,26,533,12.3052082061768,63.4834480285645,274.188781738281,23.6625003814697,4.27916669845581,19.3833332061768,9.70347213745117,15.8895835876465
"species",157,157,12.1243333816528,16.6420001983643,8.10533332824707,1350,240,3,83.8495407104492,688,28,43,655,10.5579996109009,52.9169998168945,348.095153808594,23.2800006866455,3.32800006866455,19.9519996643066,8.52733325958252,16.1266670227051
"species",158,158,10.5361671447754,15.3166666030884,6.20466661453247,2225,352,36,61.9580154418945,1013,157,168,941,9.96166610717773,50.6594085693359,374.781158447266,21.57200050354,1.90799999237061,19.6640014648438,6.48333358764648,15.0333337783813
"species",159,159,10.8996667861938,17.3239994049072,6.04466676712036,1583,287,5,83.8755416870117,815,37,56,785,14.6119995117188,53.4533195495605,471.506744384766,28.0480003356934,0.712000012397766,27.3360004425049,6.58866691589355,16.5319995880127
"species",160,160,12.4029998779297,17.5060005187988,7.76933336257935,1400,251,2,85.3430557250977,724,26,42,692,11.0893335342407,50.8218765258789,395.696960449219,24.9519996643066,3.13199996948242,21.8199996948242,8.21466732025146,17.0233345031738
"species",161,161,11.2791662216187,18.2099990844727,5.01933336257935,1284,230,15,71.7599411010742,635,72,77,596,11.9409999847412,44.5626220703125,537.251403808594,27.8479995727539,1.05200004577637,26.7959995269775,5.41666698455811,17.8573322296143
"species",162,162,10.1018753051758,14.7024993896484,6.0774998664856,2215,351,37,62.7738075256348,1015,156,164,942,9.29291725158691,50.9759559631348,355.611755371094,20.3299999237061,2.09999990463257,18.2299995422363,6.3841667175293,14.3625001907349
"species",163,163,11.7956666946411,16.7620010375977,7.40733337402344,2073,360,10,77.2744827270508,1022,70,84,969,10.6566667556763,51.9128341674805,385.267669677734,23.5960006713867,3.06800007820129,20.5279998779297,7.74733352661133,16.275333404541
"species",164,164,10.4396667480469,16.9820003509521,4.61600017547607,1702,301,19,71.1204223632812,833,96,102,784,11.1639995574951,44.4851760864258,506.591644287109,25.8279991149902,0.73199999332428,25.0959987640381,4.96466636657715,16.6539993286133
"species",165,165,10.6841669082642,15.6486663818359,6.20866680145264,2150,341,35,62.2096214294434,981,150,162,912,10.3916664123535,50.5038223266602,388.171478271484,22.3199996948242,1.74399995803833,20.576000213623,6.47000026702881,15.3439998626709
"species",166,166,9.80000019073486,14.6680002212524,5.65799999237061,2339,371,38,62.8447494506836,1070,162,171,995,9.51533317565918,49.9230499267578,371.173217773438,20.6480007171631,1.58800005912781,19.060001373291,5.91666650772095,14.220666885376
"species",167,167,10.3954162597656,14.8466663360596,6.50833320617676,2245,355,36,62.4937286376953,1026,155,167,951,9.34416675567627,52.1147041320801,345.400665283203,20.5200004577637,2.58999991416931,17.9300003051758,6.79166698455811,14.5683326721191
"species",168,168,10.5361671447754,15.3166666030884,6.20466661453247,2225,352,36,61.9580154418945,1013,157,168,941,9.96166610717773,50.6594085693359,374.781158447266,21.57200050354,1.90799999237061,19.6640014648438,6.48333358764648,15.0333337783813
"species",169,169,12.17799949646,16.8293342590332,7.7413330078125,1178,227,3,87.2739944458008,610,19,31,610,12.826000213623,57.0348625183105,370.820739746094,24.7919998168945,2.30399990081787,22.4879989624023,7.7413330078125,16.4286670684814
"species",170,170,11.486499786377,16.1426658630371,7.52333354949951,2087,362,10,77.6336898803711,1033,70,86,971,10.9890003204346,55.1213874816895,357.543792724609,22.8840007781982,2.94799995422363,19.9360008239746,7.82666683197021,15.6306667327881
"species",171,171,10.9578332901001,17.6159992218018,4.71666669845581,1184,208,14,71.3540573120117,582,67,73,552,11.5196666717529,44.6014671325684,528.64453125,26.5799999237061,0.751999974250793,25.8279991149902,5.07533311843872,17.4720001220703
"species",172,172,10.5434999465942,17.234001159668,4.55200004577637,1389,239,18,68.8382110595703,672,86,92,634,11.3923330307007,44.7319526672363,519.192810058594,26.1000003814697,0.632000029087067,25.4680004119873,4.91533327102661,16.9366664886475
"species",173,173,9.70199966430664,15.966667175293,4.13533353805542,1788,312,22,70.4519348144531,869,103,114,824,10.8500003814697,45.1706924438477,484.14794921875,24.3519992828369,0.332000017166138,24.019998550415,4.47800016403198,15.6373329162598
"species",174,174,11.1569995880127,17.9099998474121,5.03999996185303,1501,265,16,71.4201736450195,741,84,90,686,11.4139995574951,44.0354957580566,522.8564453125,27.003999710083,1.08399999141693,25.9200000762939,5.55000019073486,17.5413341522217
"species",175,175,10.176833152771,14.7253332138062,6.14799976348877,2341,372,40,62.4284172058105,1072,166,178,997,9.42966651916504,51.3262939453125,353.447448730469,20.6399993896484,2.26799988746643,18.3719997406006,6.46733331680298,14.3966665267944
"species",176,176,10.7861671447754,17.3780002593994,4.81666660308838,1704,298,17,71.6433486938477,838,92,98,778,11.298999786377,43.9992218017578,509.178649902344,26.4200000762939,0.740000009536743,25.6800003051758,5.36533308029175,16.96266746521
"species",177,177,10.2693328857422,14.8253335952759,6.25866651535034,2332,370,39,62.5790367126465,1068,163,176,992,9.48400020599365,51.3203430175781,353.377075195312,20.7040004730225,2.22399997711182,18.4799995422363,6.55933332443237,14.4940004348755
"species",178,178,13.4033336639404,17.8740005493164,8.89066696166992,1061,223,2,93.2552032470703,578,12,21,578,13.5826663970947,59.2095336914062,369.721588134766,26.1599998474121,3.22000002861023,22.9400005340576,8.89066696166992,17.449333190918
"species",179,179,11.9355001449585,17.9993343353271,7.22466659545898,1444,262,4,83.3676528930664,743,34,50,710,13.9923334121704,53.561222076416,447.263977050781,28.2119998931885,2.08800005912781,26.1240005493164,7.80866670608521,17.2000007629395
"species",180,180,12.1243333816528,16.6420001983643,8.10533332824707,1350,240,3,83.8495407104492,688,28,43,655,10.5579996109009,52.9169998168945,348.095153808594,23.2800006866455,3.32800006866455,19.9519996643066,8.52733325958252,16.1266670227051
"species",181,181,10.5361671447754,15.3166666030884,6.20466661453247,2225,352,36,61.9580154418945,1013,157,168,941,9.96166610717773,50.6594085693359,374.781158447266,21.57200050354,1.90799999237061,19.6640014648438,6.48333358764648,15.0333337783813
"species",182,182,13.066499710083,16.6940002441406,9.32533359527588,1038,214,3,91.9407730102539,555,14,23,555,12.6856670379639,62.1968383789062,303.5576171875,24.2119998931885,3.81599998474121,20.3959999084473,9.32533359527588,16.2433338165283
"species",183,183,10.176833152771,14.7253332138062,6.14799976348877,2341,372,40,62.4284172058105,1072,166,178,997,9.42966651916504,51.3262939453125,353.447448730469,20.6399993896484,2.26799988746643,18.3719997406006,6.46733331680298,14.3966665267944
